file                           format  type   num_seqs      sum_len  min_len  avg_len  max_len     Q1     Q2     Q3  sum_gap  N50  Q20(%)  Q30(%)
10a~Fish16S.fastq              FASTQ   DNA      22,670    4,757,098        4    209.8      217    210    210    210        0  210   95.61   93.13
10b~Fish16S.fastq              FASTQ   DNA       2,054      414,916      198      202      221    202    202    202        0  202    94.7   92.12
10c~Fish16S.fastq              FASTQ   DNA       9,743    1,972,669       99    202.5      228    203    203    203        0  203   95.03   92.38
10d~Fish16S.fastq              FASTQ   DNA     107,620   21,557,820       92    200.3      226    202    202    202        0  202   95.51   93.51
11a~Fish16S.fastq              FASTQ   DNA     136,106   28,230,268       13    207.4      228    202    203    215        0  203   95.84   93.73
11b~Fish16S.fastq              FASTQ   DNA     129,548   27,131,307       49    209.4      228    202    215    215        0  215   95.79   93.72
11c~Fish16S.fastq              FASTQ   DNA     147,930   30,747,151       12    207.8      216    202    202    215        0  202   95.39   93.16
11d~Fish16S.fastq              FASTQ   DNA     105,147   21,867,087       13      208      225    202    202    215        0  202   95.53   93.35
12a~Fish16S.fastq              FASTQ   DNA     104,234   21,212,153       77    203.5      245    202    202    204        0  202   95.61   93.38
12b~Fish16S.fastq              FASTQ   DNA     185,628   37,741,342       14    203.3      228    202    202    203        0  202   95.66   93.47
12c~Fish16S.fastq              FASTQ   DNA     125,262   25,362,773       85    202.5      228    202    202    202        0  202   96.03   93.98
12d~Fish16S.fastq              FASTQ   DNA     122,598   24,812,607       13    202.4      229    202    202    202        0  202   95.57   93.35
13a~Fish16S.fastq              FASTQ   DNA     125,502   25,439,754      115    202.7      220    201    202    204        0  202    95.5    93.3
13b~Fish16S.fastq              FASTQ   DNA     105,886   21,631,181      172    204.3      229    201    204    205        0  204    95.3   92.97
13c~Fish16S.fastq              FASTQ   DNA     130,070   26,478,483       73    203.6      229    201    202    205        0  202   95.76   93.55
13d~Fish16S.fastq              FASTQ   DNA     146,871   29,732,529       41    202.4      231    200    202    203        0  202   95.46   93.25
14a~Fish16S.fastq              FASTQ   DNA     102,646   20,828,528       23    202.9      230    200    203    203        0  203   95.52   93.22
14b~Fish16S.fastq              FASTQ   DNA      94,074   19,146,080      190    203.5      229    201    202    205        0  202   95.18   92.77
14c~Fish16S.fastq              FASTQ   DNA      83,613   17,026,967       93    203.6      228    201    203    204        0  203   95.15   92.76
14d~Fish16S.fastq              FASTQ   DNA     105,965   21,433,065       50    202.3      230    201    202    203        0  202   95.29   92.95
15a~Fish16S.fastq              FASTQ   DNA     129,273   26,074,147      101    201.7      226    202    202    202        0  202   95.41   93.14
15b~Fish16S.fastq              FASTQ   DNA      78,874   16,158,085       65    204.9      231    202    204    205        0  204    95.6   93.44
15c~Fish16S.fastq              FASTQ   DNA     157,977   32,347,003       57    204.8      231    201    204    204        0  204    95.5    93.3
15d~Fish16S.fastq              FASTQ   DNA     122,958   25,100,975       98    204.1      226    201    204    208        0  204   95.64   93.51
16a~Fish16S.fastq              FASTQ   DNA     121,132   24,827,346       32      205      229    204    204    204        0  204   95.86   93.82
16b~Fish16S.fastq              FASTQ   DNA     172,489   35,098,218       81    203.5      229    202    204    204        0  204   95.66   93.47
16c~Fish16S.fastq              FASTQ   DNA     198,880   40,639,182       34    204.3      230    204    204    204        0  204   95.61   93.44
16d~Fish16S.fastq              FASTQ   DNA     204,644   41,805,241       14    204.3      240    204    204    204        0  204   95.51    93.3
17a~Fish16S.fastq              FASTQ   DNA     131,416   26,727,582       73    203.4      230    201    202    204        0  202   95.36   93.06
17b~Fish16S.fastq              FASTQ   DNA      95,703   19,491,737       14    203.7      229    200    202    204        0  202   95.43   93.19
17c~Fish16S.fastq              FASTQ   DNA     114,726   23,268,240      103    202.8      234    201    202    203        0  202   95.75   93.64
17d~Fish16S.fastq              FASTQ   DNA     109,464   22,199,747       71    202.8      234    202    202    203        0  202   95.46   93.22
18a~Fish16S.fastq              FASTQ   DNA      26,559    5,451,809      194    205.3      228    206    206    206        0  206   94.49   91.82
18b~Fish16S.fastq              FASTQ   DNA         325       66,070      198    203.3      228    199    205    206        0  205   90.61   86.51
18c~Fish16S.fastq              FASTQ   DNA     107,578   21,858,500       60    203.2      224    199    203    206        0  205   95.29   92.97
18d~Fish16S.fastq              FASTQ   DNA       1,666      335,540      193    201.4      229    201    201    201        0  201   95.03   92.74
19a~Fish16S.fastq              FASTQ   DNA     114,043   23,054,527       61    202.2      229    200    201    202        0  201   94.21   91.46
19b~Fish16S.fastq              FASTQ   DNA     216,452   43,611,495       12    201.5      222    200    202    202        0  202   94.57    91.8
19c~Fish16S.fastq              FASTQ   DNA     221,411   44,625,371       20    201.5      228    199    200    202        0  200   94.37   91.44
19d~Fish16S.fastq              FASTQ   DNA     271,568   54,526,558        4    200.8      216    199    200    203        0  200   94.84   92.06
1a~Fish16S.fastq               FASTQ   DNA      48,004    9,799,815       95    204.1      278    202    202    204        0  202   98.67   97.39
1b~Fish16S.fastq               FASTQ   DNA      29,333    5,841,380       23    199.1      277    202    202    203        0  202   98.35   97.05
1c~Fish16S.fastq               FASTQ   DNA      37,502    7,612,997        1      203      278    200    202    203        0  202   98.25   96.97
1d~Fish16S.fastq               FASTQ   DNA      69,245   13,672,465       20    197.5      278    202    203    207        0  203   98.75   97.48
20a~Fish16S.fastq              FASTQ   DNA      86,725   17,516,366       99      202      224    199    202    202        0  202   94.66   91.87
20b~Fish16S.fastq              FASTQ   DNA     109,770   22,232,554       93    202.5      247    202    202    202        0  202   94.89   92.38
20c~Fish16S.fastq              FASTQ   DNA      98,023   19,696,779       20    200.9      227    199    202    202        0  202   94.68   91.93
20d~Fish16S.fastq              FASTQ   DNA      86,138   17,354,190       61    201.5      222    200    202    202        0  202   94.94   92.38
21a~Fish16S.fastq              FASTQ   DNA      89,642   15,718,881        2    175.4      228    200    202    202        0  202   94.92   92.46
21b~Fish16S.fastq              FASTQ   DNA     150,616   29,270,869        5    194.3      241    200    202    202        0  202   94.79   92.28
21c~Fish16S.fastq              FASTQ   DNA     230,276   46,929,311        9    203.8      237    201    202    202        0  202   94.42   91.72
21d~Fish16S.fastq              FASTQ   DNA     198,963   40,400,471        9    203.1      226    202    203    203        0  203   94.42   91.79
22a~Fish16S.fastq              FASTQ   DNA     201,922   41,647,674       23    206.3      230    202    206    210        0  206   94.68      92
22b~Fish16S.fastq              FASTQ   DNA     149,955   31,053,769       23    207.1      228    202    210    210        0  210    95.1    92.5
22c~Fish16S.fastq              FASTQ   DNA     125,798   26,144,515        9    207.8      230    201    207    210        0  207   95.45      93
22d~Fish16S.fastq              FASTQ   DNA     138,516   28,739,347       21    207.5      247    203    207    210        0  207   94.87   92.29
23a~Fish16S.fastq              FASTQ   DNA     109,808   22,221,553        5    202.4      230    200    201    205        0  201   94.55   91.76
23b~Fish16S.fastq              FASTQ   DNA     142,511   28,902,158       22    202.8      231    200    201    205        0  201   94.45   91.61
23c~Fish16S.fastq              FASTQ   DNA     110,126   22,442,417        8    203.8      230    200    201    207        0  202   94.89   92.28
23d~Fish16S.fastq              FASTQ   DNA     292,029   58,948,929       21    201.9      234    199    200    205        0  200   94.42   91.63
24a~Fish16S.fastq              FASTQ   DNA      63,569   12,820,792      191    201.7      213    202    202    202        0  202   96.22    94.2
24b~Fish16S.fastq              FASTQ   DNA      69,004   14,372,325      132    208.3      236    200    203    210        0  203   95.95   93.98
24c~Fish16S.fastq              FASTQ   DNA      75,154   15,296,376      194    203.5      234    202    203    205        0  203   96.19   94.11
24d~Fish16S.fastq              FASTQ   DNA      86,326   17,543,868       65    203.2      225    203    203    205        0  203   96.23   94.16
25a~Fish16S.fastq              FASTQ   DNA      70,925   14,518,054       80    204.7      235    200    201    206        0  201   96.04   94.01
25b~Fish16S.fastq              FASTQ   DNA      73,810   14,947,715      184    202.5      234    200    201    202        0  201    96.3    94.4
25c~Fish16S.fastq              FASTQ   DNA     104,233   20,984,990       21    201.3      228    200    201    209        0  201   96.07   94.12
25d~Fish16S.fastq              FASTQ   DNA     106,268   21,622,938       42    203.5      230    200    201    203        0  201   96.37   94.43
26a~Fish16S.fastq              FASTQ   DNA     117,056   23,924,529       23    204.4      231    202    203    206        0  203   96.65   94.96
26b~Fish16S.fastq              FASTQ   DNA     128,493   26,458,211        6    205.9      232    205    206    208        0  206   96.58   94.81
26c~Fish16S.fastq              FASTQ   DNA     117,884   24,237,603       25    205.6      238    203    206    206        0  206   96.23   94.38
26d~Fish16S.fastq              FASTQ   DNA     119,437   24,412,139      105    204.4      228    203    205    206        0  205   96.36   94.52
27a~Fish16S.fastq              FASTQ   DNA      88,539   17,995,033       49    203.2      227    202    203    203        0  203   96.36   94.55
27b~Fish16S.fastq              FASTQ   DNA      92,262   18,683,658      182    202.5      227    200    201    204        0  201   96.39   94.63
27c~Fish16S.fastq              FASTQ   DNA      91,204   18,697,516       18      205      228    200    206    209        0  206   96.58    94.8
27d~Fish16S.fastq              FASTQ   DNA      79,630   16,248,137       41      204      228    201    206    206        0  206   96.45   94.69
28a~Fish16S.fastq              FASTQ   DNA      95,401   19,512,852       26    204.5      213    203    205    206        0  205    96.3   94.46
28b~Fish16S.fastq              FASTQ   DNA     114,090   23,348,037      191    204.6      221    203    206    206        0  206   96.34   94.55
28c~Fish16S.fastq              FASTQ   DNA     124,493   25,325,978       26    203.4      227    201    203    206        0  203   96.52   94.71
28d~Fish16S.fastq              FASTQ   DNA     120,881   24,620,551       82    203.7      220    202    203    206        0  203   96.29   94.44
29a~Fish16S.fastq              FASTQ   DNA     221,036   45,248,475       21    204.7      234    201    203    206        0  203   95.05   92.63
29b~Fish16S.fastq              FASTQ   DNA     108,188   22,105,468       68    204.3      228    200    203    206        0  203   94.95   92.45
29c~Fish16S.fastq              FASTQ   DNA     135,329   27,779,480       91    205.3      229    198    204    213        0  206   94.57   91.93
29d~Fish16S.fastq              FASTQ   DNA     151,805   30,650,821       92    201.9      228    200    200    202        0  200   94.97   92.54
2a~Fish16S.fastq               FASTQ   DNA      16,802    3,400,298      199    202.4      277    202    202    202        0  202   98.78   97.77
2b~Fish16S.fastq               FASTQ   DNA      17,349    3,518,633      194    202.8      277    202    202    202        0  202   98.69   97.65
2c~Fish16S.fastq               FASTQ   DNA      21,897    4,406,679        1    201.2      280    202    202    202        0  202   98.65   97.55
2d~Fish16S.fastq               FASTQ   DNA      19,729    3,995,233       96    202.5      278    202    202    202        0  202   98.17   96.97
30a~Fish16S.fastq              FASTQ   DNA      70,927   14,540,459       82      205      229    199    201    216        0  202   95.25   92.84
30b~Fish16S.fastq              FASTQ   DNA     113,863   23,701,411       65    208.2      228    202    207    216        0  207    95.2   92.77
30c~Fish16S.fastq              FASTQ   DNA      89,760   18,570,059       59    206.9      238    201    207    216        0  207   95.03   92.56
30d~Fish16S.fastq              FASTQ   DNA     144,033   29,484,027       32    204.7      230    200    202    206        0  202   95.46   93.07
31a~Fish16S.fastq              FASTQ   DNA     149,159   29,992,230       67    201.1      228    199    200    202        0  200   95.36      93
31b~Fish16S.fastq              FASTQ   DNA     148,242   29,993,059       26    202.3      226    200    201    203        0  201   95.33   92.87
31c~Fish16S.fastq              FASTQ   DNA     169,218   34,045,729       26    201.2      234    199    200    203        0  200   94.87   92.18
31d~Fish16S.fastq              FASTQ   DNA     141,258   28,328,374       26    200.5      223    200    200    201        0  200   94.96   92.42
32a~Fish16S.fastq              FASTQ   DNA     122,680   24,877,798       61    202.8      226    199    201    203        0  202   95.24   92.72
32b~Fish16S.fastq              FASTQ   DNA     139,514   28,541,348       44    204.6      230    200    203    207        0  203   95.23   92.87
32c~Fish16S.fastq              FASTQ   DNA     105,691   21,515,712       26    203.6      226    201    205    206        0  205   95.49   93.11
32d~Fish16S.fastq              FASTQ   DNA      88,198   18,266,915       26    207.1      230    201    203    207        0  203    95.3   92.96
33a~Fish16S.fastq              FASTQ   DNA      49,992   10,342,158       26    206.9      276    202    203    221        0  203   97.59   96.31
33b~Fish16S.fastq              FASTQ   DNA      50,915   10,672,210       26    209.6      230    202    207    216        0  207   97.67   96.43
33c~Fish16S.fastq              FASTQ   DNA      65,962   13,398,585       78    203.1      223    202    202    203        0  202   97.76    96.6
33d~Fish16S.fastq              FASTQ   DNA      53,527   10,828,712       99    202.3      226    202    202    203        0  202   97.63   96.35
34a~Fish16S.fastq              FASTQ   DNA      40,674    8,251,098      146    202.9      225    202    203    203        0  203   96.75   95.06
34b~Fish16S.fastq              FASTQ   DNA      40,111    8,115,609       79    202.3      223    201    202    204        0  202   96.37    94.6
34c~Fish16S.fastq              FASTQ   DNA      33,839    6,845,975      190    202.3      228    201    203    203        0  203   96.38   94.56
34d~Fish16S.fastq              FASTQ   DNA      47,014    9,533,966       41    202.8      227    202    203    203        0  203   96.82   95.19
35a~Fish16S.fastq              FASTQ   DNA      50,812   10,263,620       99      202      223    201    202    204        0  202   96.55   94.83
35b~Fish16S.fastq              FASTQ   DNA      32,695    6,615,170      195    202.3      228    200    203    204        0  203   96.53   94.66
35c~Fish16S.fastq              FASTQ   DNA      54,345   11,105,145      103    204.3      242    204    205    205        0  205   96.58   94.76
35d~Fish16S.fastq              FASTQ   DNA      47,678    9,641,259        9    202.2      226    201    202    204        0  202   96.61   94.94
36a~Fish16S.fastq              FASTQ   DNA      53,052   10,734,496       77    202.3      215    202    202    202        0  202   96.69   95.12
36b~Fish16S.fastq              FASTQ   DNA      62,174   12,642,616       99    203.3      210    203    203    204        0  203   96.94   95.41
36c~Fish16S.fastq              FASTQ   DNA      52,507   10,546,969       41    200.9      227    202    203    204        0  203   96.49   94.78
36d~Fish16S.fastq              FASTQ   DNA      52,190   10,596,479       77      203      213    202    204    204        0  204   96.54   94.82
37a~Fish16S.fastq              FASTQ   DNA      75,437   15,221,438       10    201.8      227    200    202    203        0  202   96.44   94.62
37b~Fish16S.fastq              FASTQ   DNA      51,058   10,348,373        1    202.7      227    200    202    203        0  202   96.58   94.94
37c~Fish16S.fastq              FASTQ   DNA      39,767    7,021,747        1    176.6      224    201    202    203        0  202   96.71   95.13
37d~Fish16S.fastq              FASTQ   DNA      44,095    8,970,209        1    203.4      228    202    202    204        0  202   96.74   95.12
38a~Fish16S.fastq              FASTQ   DNA      34,118    6,965,143       22    204.1      234    200    202    203        0  202   96.56   94.82
38b~Fish16S.fastq              FASTQ   DNA      50,687   10,417,883       61    205.5      228    201    203    207        0  206   96.61   94.77
38c~Fish16S.fastq              FASTQ   DNA      47,699    9,741,510        8    204.2      222    201    203    207        0  203   96.52   94.73
38d~Fish16S.fastq              FASTQ   DNA      64,705   12,602,002       15    194.8      228    198    200    203        0  201   96.46   94.67
39a~Fish16S.fastq              FASTQ   DNA      41,585    8,474,784       80    203.8      236    200    202    206        0  202   97.84   96.72
39b~Fish16S.fastq              FASTQ   DNA      38,206    7,698,671       77    201.5      220    201    202    202        0  202   97.68   96.44
39c~Fish16S.fastq              FASTQ   DNA      32,628    6,602,573      131    202.4      217    200    202    202        0  202   97.66    96.4
39d~Fish16S.fastq              FASTQ   DNA      67,461   10,645,274        1    157.8      276    198    201    201        0  201    97.8    96.7
3a~Fish16S.fastq               FASTQ   DNA      28,080    5,896,478        1      210      277    202    203    226        0  203   98.65   97.58
3b~Fish16S.fastq               FASTQ   DNA      24,187    5,040,073        1    208.4      278    201    203    213        0  203   97.59   96.32
3c~Fish16S.fastq               FASTQ   DNA      24,333    5,108,690      198    209.9      277    204    204    223        0  204   97.95    96.8
3d~Fish16S.fastq               FASTQ   DNA       3,545      758,265      200    213.9      277    203    217    217        0  217    98.3   96.98
40a~Fish16S.fastq              FASTQ   DNA      45,013    9,069,982        1    201.5      227    200    201    202        0  201   97.82   96.62
40b~Fish16S.fastq              FASTQ   DNA      44,587    9,041,592       80    202.8      216    201    201    207        0  201   97.98   96.89
40c~Fish16S.fastq              FASTQ   DNA      48,619    9,782,027       21    201.2      229    199    201    203        0  201   97.84   96.66
40d~Fish16S.fastq              FASTQ   DNA      54,618   11,032,346      194      202      227    199    202    204        0  202   97.75   96.52
41a~Fish16S.fastq              FASTQ   DNA      25,353    5,164,808       46    203.7      220    202    202    203        0  202   97.91   96.71
41b~Fish16S.fastq              FASTQ   DNA      68,113   14,028,291       99      206      223    202    208    208        0  208   97.95   96.81
41c~Fish16S.fastq              FASTQ   DNA      68,011   13,759,462       17    202.3      226    202    203    203        0  203   97.85   96.68
41d~Fish16S.fastq              FASTQ   DNA      81,273   16,446,603       23    202.4      227    201    202    202        0  202   97.62   96.29
42a~Fish16S.fastq              FASTQ   DNA      42,451    8,552,111       66    201.5      212    199    201    203        0  201   97.85   96.76
42b~Fish16S.fastq              FASTQ   DNA      68,169   14,130,736        1    207.3      230    202    205    210        0  205   97.85   96.54
42c~Fish16S.fastq              FASTQ   DNA      57,361   11,684,518        8    203.7      229    201    201    203        0  201   97.88   96.85
42d~Fish16S.fastq              FASTQ   DNA      35,831    7,255,270       26    202.5      228    202    203    204        0  203   97.91   96.71
43a~Fish16S.fastq              FASTQ   DNA      59,873   12,293,627       85    205.3      224    200    203    210        0  207   97.86   96.66
43b~Fish16S.fastq              FASTQ   DNA      48,397    9,864,981        1    203.8      227    201    203    205        0  203   97.76   96.58
43c~Fish16S.fastq              FASTQ   DNA      51,806   10,347,707       41    199.7      276    200    201    202        0  201   97.78   96.59
43d~Fish16S.fastq              FASTQ   DNA      49,128    9,888,884        1    201.3      230    200    201    202        0  201   97.92   96.82
44a~Fish16S.fastq              FASTQ   DNA      38,554    7,795,935       41    202.2      223    202    202    203        0  202   96.26   94.34
44b~Fish16S.fastq              FASTQ   DNA      33,709    6,981,174       39    207.1      229    202    203    210        0  203   96.52   94.65
44c~Fish16S.fastq              FASTQ   DNA      39,134    7,964,576       69    203.5      211    202    202    202        0  202   96.23   94.24
44d~Fish16S.fastq              FASTQ   DNA      29,806    6,005,516      120    201.5      205    201    201    202        0  201   96.69    94.9
45a~Fish16S.fastq              FASTQ   DNA      65,429   13,401,497       98    204.8      228    201    201    204        0  201   96.94   95.43
45b~Fish16S.fastq              FASTQ   DNA      35,406    7,214,960      192    203.8      227    203    204    204        0  204   96.92   95.34
45c~Fish16S.fastq              FASTQ   DNA      47,162    9,615,720       93    203.9      213    202    203    204        0  203   96.71   95.06
45d~Fish16S.fastq              FASTQ   DNA      33,304    6,708,084      143    201.4      223    200    202    202        0  202   96.96   95.49
46a~Fish16S.fastq              FASTQ   DNA      72,949   14,726,064       44    201.9      221    198    202    204        0  202   97.03   95.64
46b~Fish16S.fastq              FASTQ   DNA      16,744    3,344,643      108    199.8      223    198    198    203        0  198   96.94   95.57
46c~Fish16S.fastq              FASTQ   DNA      17,695    3,586,681       87    202.7      217    201    201    203        0  201   97.14   95.75
46d~Fish16S.fastq              FASTQ   DNA      70,464   14,041,011       55    199.3      227    198    198    198        0  198    96.8   95.42
47a~Fish16S.fastq              FASTQ   DNA      47,592    9,652,804       55    202.8      232    202    203    203        0  203   97.19   95.77
47b~Fish16S.fastq              FASTQ   DNA      48,776    9,922,697      195    203.4      223    202    203    204        0  203   97.22   95.82
47c~Fish16S.fastq              FASTQ   DNA      65,401   13,351,820       11    204.2      228    202    203    206        0  203   97.25   95.87
47d~Fish16S.fastq              FASTQ   DNA      50,933   10,368,114       23    203.6      229    202    203    204        0  203    97.1   95.64
48a~Fish16S.fastq              FASTQ   DNA      44,997    9,032,920       20    200.7      226    198    199    202        0  199   96.93   95.57
48b~Fish16S.fastq              FASTQ   DNA      70,836   14,005,258       12    197.7      226    198    198    198        0  198    96.7   95.26
48c~Fish16S.fastq              FASTQ   DNA      63,371   12,672,223       12      200      230    198    198    201        0  198   97.01   95.67
48d~Fish16S.fastq              FASTQ   DNA      62,537   12,440,663       55    198.9      227    198    198    198        0  198   96.78    95.4
49a~Fish16S.fastq              FASTQ   DNA      74,430   15,252,592       51    204.9      231    202    203    208        0  203   97.36   95.98
49b~Fish16S.fastq              FASTQ   DNA      47,694    9,767,538      141    204.8      227    202    202    202        0  202   97.42   96.17
49c~Fish16S.fastq              FASTQ   DNA          12        2,419      198    201.6      204    201    202    202        0  202   80.16   72.92
49d~Fish16S.fastq              FASTQ   DNA      82,017   16,640,847       73    202.9      226    202    202    204        0  202   97.08   95.65
4a~Fish16S.fastq               FASTQ   DNA      15,691    3,252,280       99    207.3      278    202    203    207        0  203   98.15   96.94
4b~Fish16S.fastq               FASTQ   DNA      10,676    2,175,876       99    203.8      277    202    204    204        0  204   97.64   96.46
4c~Fish16S.fastq               FASTQ   DNA      15,228    3,110,416        1    204.3      278    200    200    204        0  200   97.23   95.86
4d~Fish16S.fastq               FASTQ   DNA      18,279    3,718,918       20    203.5      278    201    202    207        0  202   98.43   97.13
50a~Fish16S.fastq              FASTQ   DNA     116,798   23,763,740      140    203.5      224    200    204    204        0  204   97.22   95.78
50b~Fish16S.fastq              FASTQ   DNA      93,046   18,842,132      192    202.5      222    202    202    203        0  202   96.97   95.42
50c~Fish16S.fastq              FASTQ   DNA      65,638   13,424,308       42    204.5      229    202    202    204        0  202    97.2   95.83
50d~Fish16S.fastq              FASTQ   DNA      44,568    9,036,617       10    202.8      214    199    202    202        0  202   96.96   95.59
51a~Fish16S.fastq              FASTQ   DNA     100,092   20,323,484       47      203      226    201    202    204        0  202   97.29   95.92
51b~Fish16S.fastq              FASTQ   DNA      73,248   15,204,031       18    207.6      234    200    213    213        0  213   97.03   95.54
51c~Fish16S.fastq              FASTQ   DNA      81,698   16,556,755       21    202.7      228    202    204    205        0  204   97.09   95.62
51d~Fish16S.fastq              FASTQ   DNA      88,857   18,012,217       22    202.7      233    199    202    205        0  203   97.03   95.49
52a~Fish16S.fastq              FASTQ   DNA      68,395   13,784,817       77    201.5      213    200    202    203        0  202   97.06   95.55
52b~Fish16S.fastq              FASTQ   DNA      66,468   13,407,762       75    201.7      206    202    202    203        0  202   97.25   95.85
52c~Fish16S.fastq              FASTQ   DNA      66,615   13,576,599       81    203.8      226    203    204    206        0  204   97.53   96.26
52d~Fish16S.fastq              FASTQ   DNA      80,048   16,116,340       23    201.3      211    199    202    202        0  202    97.1   95.63
53a~Fish16S.fastq              FASTQ   DNA      73,520   14,918,552       12    202.9      219    201    204    204        0  204    97.1   95.65
53b~Fish16S.fastq              FASTQ   DNA      79,171   16,100,882      126    203.4      229    202    204    204        0  204   97.12   95.67
53c~Fish16S.fastq              FASTQ   DNA      96,595   19,703,906       98      204      217    204    204    204        0  204   97.39   96.06
53d~Fish16S.fastq              FASTQ   DNA      90,572   18,521,026       99    204.5      228    204    204    204        0  204   97.25   95.84
54a~Fish16S.fastq              FASTQ   DNA      73,867   15,156,706       21    205.2      230    204    204    208        0  204      98   96.95
54b~Fish16S.fastq              FASTQ   DNA      73,004   14,816,739       60      203      229    198    203    204        0  203    97.9   96.78
54c~Fish16S.fastq              FASTQ   DNA      65,316   13,204,603       30    202.2      227    199    202    204        0  202    97.7   96.45
54d~Fish16S.fastq              FASTQ   DNA      98,232   20,010,246       40    203.7      227    203    204    204        0  204   98.08   97.08
55a~Fish16S.fastq              FASTQ   DNA      69,390   14,050,743       57    202.5      228    202    202    202        0  202   97.92   96.99
55b~Fish16S.fastq              FASTQ   DNA      66,426   13,535,298      197    203.8      227    202    202    204        0  202   97.98      97
55c~Fish16S.fastq              FASTQ   DNA      80,869   16,565,198      198    204.8      228    202    202    204        0  202    97.9   96.91
55d~Fish16S.fastq              FASTQ   DNA      71,197   14,043,323       57    197.2      228    202    202    202        0  202   97.97   97.04
56a~Fish16S.fastq              FASTQ   DNA      75,206   15,293,275       56    203.4      227    198    198    204        0  198   97.96   96.91
56b~Fish16S.fastq              FASTQ   DNA     105,018   20,921,315       79    199.2      229    202    204    208        0  204   98.02   96.97
56c~Fish16S.fastq              FASTQ   DNA      97,728   19,467,387       99    199.2      226    198    198    198        0  198    97.9   96.87
56d~Fish16S.fastq              FASTQ   DNA      78,466   15,607,905       99    198.9      226    198    198    198        0  198   97.97   96.97
57a~Fish16S.fastq              FASTQ   DNA     163,535   33,063,536      126    202.2      209    202    202    204        0  202   98.32   97.34
57b~Fish16S.fastq              FASTQ   DNA      96,274   19,604,727      103    203.6      226    202    204    205        0  204   98.18   97.14
57c~Fish16S.fastq              FASTQ   DNA     107,167   21,588,005      145    201.4      229    198    198    204        0  198   98.32   97.32
57d~Fish16S.fastq              FASTQ   DNA      65,653   13,701,672       99    208.7      228    198    204    226        0  204   98.19   97.15
58a~Fish16S.fastq              FASTQ   DNA      91,094   18,680,156      194    205.1      229    198    202    204        0  202   98.28    97.3
58b~Fish16S.fastq              FASTQ   DNA     126,070   25,728,982       85    204.1      230    198    198    204        0  198   98.07   96.98
58c~Fish16S.fastq              FASTQ   DNA     114,558   23,192,403      126    202.5      241    198    198    208        0  198   98.21   97.19
58d~Fish16S.fastq              FASTQ   DNA     113,907   23,412,984       23    205.5      230    203    208    208        0  208   98.05      97
59a~Fish16S.fastq              FASTQ   DNA     141,587   29,031,234       41      205      228    202    202    208        0  204   97.16   95.65
59b~Fish16S.fastq              FASTQ   DNA     115,231   23,384,165       41    202.9      240    199    202    204        0  202   97.14   95.65
59c~Fish16S.fastq              FASTQ   DNA      98,089   19,459,012       36    198.4      230    198    198    198        0  198      97    95.5
59d~Fish16S.fastq              FASTQ   DNA     137,943   28,093,323       41    203.7      229    201    202    204        0  202   97.33   95.93
5a~Fish16S.fastq               FASTQ   DNA      54,786   11,247,006        1    205.3      280    202    207    210        0  209   98.69   97.39
5b~Fish16S.fastq               FASTQ   DNA      49,721   10,165,243       96    204.4      278    202    202    210        0  202   98.63   97.45
5c~Fish16S.fastq               FASTQ   DNA      61,026   10,928,373        1    179.1      277     99    203    204        0  203    98.8   97.85
5d~Fish16S.fastq               FASTQ   DNA      47,877    9,805,270        1    204.8      278    201    201    203        0  201   98.25   97.01
60a~Fish16S.fastq              FASTQ   DNA     127,459   25,888,057      194    203.1      228    202    202    203        0  202    97.7   96.47
60b~Fish16S.fastq              FASTQ   DNA     113,024   22,883,947       99    202.5      228    202    202    202        0  202   97.98   96.86
60c~Fish16S.fastq              FASTQ   DNA      76,464   14,508,395       21    189.7      228    201    202    204        0  202   97.35   95.93
60d~Fish16S.fastq              FASTQ   DNA      78,521   14,808,606        2    188.6      228    202    202    202        0  202   97.86    96.7
61a~Fish16S.fastq              FASTQ   DNA     140,475   29,076,914       63      207      228    202    204    204        0  204   97.58   96.22
61b~Fish16S.fastq              FASTQ   DNA      62,946   12,853,733      197    204.2      228    202    202    204        0  202   97.69   96.46
61c~Fish16S.fastq              FASTQ   DNA      92,805   18,996,613       41    204.7      231    202    203    204        0  203   97.47    96.1
61d~Fish16S.fastq              FASTQ   DNA      71,401   14,560,761       41    203.9      226    204    204    204        0  204   97.52   96.09
62a~Fish16S.fastq              FASTQ   DNA      74,614   15,255,674       25    204.5      228    204    204    204        0  204   97.53   96.12
62b~Fish16S.fastq              FASTQ   DNA      68,884   13,768,353        7    199.9      241    202    204    204        0  204   97.53   96.15
62c~Fish16S.fastq              FASTQ   DNA      66,318   13,867,886        7    209.1      229    204    204    224        0  204   97.77    96.5
62d~Fish16S.fastq              FASTQ   DNA      70,538   14,433,705       13    204.6      228    204    204    204        0  204   97.61   96.25
63a~Fish16S.fastq              FASTQ   DNA      70,324   14,349,973       97    204.1      228    202    202    204        0  202   97.56   96.26
63b~Fish16S.fastq              FASTQ   DNA     106,910   21,743,601       23    203.4      229    200    202    204        0  202   97.35   95.96
63c~Fish16S.fastq              FASTQ   DNA      90,823   18,565,925      196    204.4      228    202    204    204        0  204   97.59   96.26
63d~Fish16S.fastq              FASTQ   DNA      37,980    7,682,707       99    202.3      228    202    202    202        0  202   97.64   96.36
64a~Fish16S.fastq              FASTQ   DNA     110,680   23,230,078       28    209.9      230    202    202    226        0  204   97.73   96.49
64b~Fish16S.fastq              FASTQ   DNA      63,139   12,823,821       86    203.1      228    202    202    202        0  202   97.84   96.67
64c~Fish16S.fastq              FASTQ   DNA      60,369   12,249,452       99    202.9      229    202    202    204        0  202   97.66    96.4
64d~Fish16S.fastq              FASTQ   DNA      76,099   15,514,406       73    203.9      228    199    202    202        0  202   97.57   96.24
65a~Fish16S.fastq              FASTQ   DNA      74,559   15,428,144       23    206.9      228    202    202    202        0  202   97.92   96.79
65b~Fish16S.fastq              FASTQ   DNA      75,885   15,357,672      121    202.4      228    202    202    202        0  202   98.06   96.97
65c~Fish16S.fastq              FASTQ   DNA      85,069   17,403,256       93    204.6      228    202    202    202        0  202   98.02   96.94
65d~Fish16S.fastq              FASTQ   DNA      72,751   15,159,914        8    208.4      229    202    202    219        0  202   97.85   96.67
66a~Fish16S.fastq              FASTQ   DNA      90,479   18,232,977        3    201.5      234    198    202    202        0  202   98.06   96.99
66b~Fish16S.fastq              FASTQ   DNA      92,046   16,353,260        1    177.7      276    198    202    205        0  202   97.92   96.79
66c~Fish16S.fastq              FASTQ   DNA      88,814   17,967,315        3    202.3      258    200    202    205        0  202   97.72    96.5
66d~Fish16S.fastq              FASTQ   DNA      91,273   18,367,124      101    201.2      229    198    202    202        0  202   97.84   96.69
67a~Fish16S.fastq              FASTQ   DNA      99,841   22,645,140       23    226.8      239    228    228    228        0  228   98.16   97.22
67b~Fish16S.fastq              FASTQ   DNA     100,477   22,593,577       23    224.9      239    220    228    228        0  228   98.19   97.24
67c~Fish16S.fastq              FASTQ   DNA      88,781   20,019,855       20    225.5      241    228    228    228        0  228   98.45   97.64
67d~Fish16S.fastq              FASTQ   DNA      66,863   15,130,404       23    226.3      239    228    228    228        0  228   98.28   97.38
68a~Fish16S.fastq              FASTQ   DNA      64,964   14,711,380       21    226.5      239    228    228    228        0  228   98.29   97.41
68b~Fish16S.fastq              FASTQ   DNA      83,841   19,060,044       23    227.3      239    228    228    228        0  228   98.14   97.19
68c~Fish16S.fastq              FASTQ   DNA      87,447   19,888,890       22    227.4      239    228    228    228        0  228   98.35    97.5
68d~Fish16S.fastq              FASTQ   DNA     132,530   29,525,902        5    222.8      240    228    228    228        0  228   98.15    97.2
69a~Fish16S.fastq              FASTQ   DNA      95,360   21,700,636       93    227.6      240    228    228    228        0  228   98.47   97.63
69b~Fish16S.fastq              FASTQ   DNA      60,500   13,790,216      203    227.9      229    228    228    228        0  228   98.43   97.58
69c~Fish16S.fastq              FASTQ   DNA      67,617   15,279,274       13      226      239    228    228    228        0  228   98.34   97.45
69d~Fish16S.fastq              FASTQ   DNA      92,004   20,944,866       93    227.7      239    228    228    228        0  228   98.54   97.75
6a~Fish16S.fastq               FASTQ   DNA      35,677    7,410,735      197    207.7      277    203    204    204        0  204   98.25   97.15
6b~Fish16S.fastq               FASTQ   DNA      17,534    3,828,558      199    218.4      277    204    226    226        0  226   98.67    97.6
6c~Fish16S.fastq               FASTQ   DNA      21,005    4,331,002       95    206.2      278    202    204    211        0  204   98.25   97.01
6d~Fish16S.fastq               FASTQ   DNA      10,981    2,233,464       23    203.4      277    202    204    204        0  204   97.51   96.29
70a~Fish16S.fastq              FASTQ   DNA      81,505   18,497,184       23    226.9      240    228    228    228        0  228   98.44   97.58
70b~Fish16S.fastq              FASTQ   DNA      96,346   21,930,207       93    227.6      248    228    228    228        0  228   98.58    97.8
70c~Fish16S.fastq              FASTQ   DNA      82,172   18,290,219       22    222.6      239    220    228    228        0  228   98.43   97.56
70d~Fish16S.fastq              FASTQ   DNA      86,289   18,800,795       23    217.9      239    207    220    228        0  220   98.35   97.41
71a~Fish16S.fastq              FASTQ   DNA     119,476   27,156,569       93    227.3      241    228    228    228        0  228   98.54   97.74
71b~Fish16S.fastq              FASTQ   DNA      96,144   21,910,461      192    227.9      241    228    228    228        0  228   98.63   97.88
71c~Fish16S.fastq              FASTQ   DNA      98,129   22,275,434       93      227      241    228    228    228        0  228   98.48   97.64
71d~Fish16S.fastq              FASTQ   DNA      92,771   21,054,651      191      227      241    228    228    228        0  228    98.4   97.52
7a~Fish16S.fastq               FASTQ   DNA      15,539    3,173,875        1    204.3      278    200    200    204        0  200   97.17   95.76
7b~Fish16S.fastq               FASTQ   DNA      42,439    8,680,275       20    204.5      278    202    205    207        0  206   98.66   97.38
7c~Fish16S.fastq               FASTQ   DNA      69,273   14,105,057        1    203.6      280    202    202    210        0  202   98.66   97.37
7d~Fish16S.fastq               FASTQ   DNA      50,058   10,235,152       96    204.5      278    202    202    210        0  202   98.61   97.42
8a~Fish16S.fastq               FASTQ   DNA      77,170   14,283,101        1    185.1      277    202    203    210        0  203   98.63   97.52
8b~Fish16S.fastq               FASTQ   DNA      48,226    9,876,337        1    204.8      278    201    201    203        0  201    98.2   96.95
8c~Fish16S.fastq               FASTQ   DNA      35,876    7,451,039      197    207.7      277    203    204    204        0  204   98.19   97.07
8d~Fish16S.fastq               FASTQ   DNA      19,433    4,215,150      199    216.9      277    204    226    226        0  226   98.64   97.53
9a~Fish16S.fastq               FASTQ   DNA     113,159   23,094,347       41    204.1      228    202    203    209        0  203   95.64   93.49
9b~Fish16S.fastq               FASTQ   DNA      51,227   10,324,938       91    201.6      234    199    202    202        0  202   95.21   93.15
9c~Fish16S.fastq               FASTQ   DNA     165,093   33,273,766        4    201.5      234    200    202    202        0  202   95.16   93.02
9d~Fish16S.fastq               FASTQ   DNA      93,641   17,677,514        1    188.8      216    199    202    202        0  202   95.43   93.33
Extbl_090718~Fish16S.fastq     FASTQ   DNA           3          649      198    216.3      226  211.5    225  225.5        0  225   94.76   91.37
Extbl_110718~Fish16S.fastq     FASTQ   DNA      13,280    2,828,193      196      213      227    198    226    226        0  226   97.05   95.48
Extbl_120718~Fish16S.fastq     FASTQ   DNA      35,607    7,049,608      194      198      199    198    198    198        0  198   97.54   96.29
Extbl_131017~Fish16S.fastq     FASTQ   DNA      39,138    7,826,942      196      200      201    200    200    200        0  200   98.54   97.76
Extbl_131118_01~Fish16S.fastq  FASTQ   DNA          20        3,960      198      198      198     99    198     99        0  198   99.12   98.33
Extbl_220818_03~Fish16S.fastq  FASTQ   DNA   1,197,954  244,970,423        1    204.5      240    200    202    207        0  203   96.26   94.41
Extbl_250917_01~Fish16S.fastq  FASTQ   DNA           6        1,299      199    216.5      228    205  219.5    228        0  228   91.15   87.68
Extbl_250917_02~Fish16S.fastq  FASTQ   DNA           6        1,158       93      193      228    203    203    228        0  203   85.32    79.1
Extbl_250917_03~Fish16S.fastq  FASTQ   DNA           3          507       93      169      211    148    203    207        0  203   98.22   96.45
Extbl_250917_04~Fish16S.fastq  FASTQ   DNA           5        1,025      152      205      228    197    220    228        0  220   98.44   97.76
Extbl_260917_01~Fish16S.fastq  FASTQ   DNA          22        4,831      203    219.6      228    207    228    228        0  228    83.4   76.59
Extbl_260917_02~Fish16S.fastq  FASTQ   DNA           4          899      220    224.8      228  221.5  225.5    228        0  228   87.99   82.65
Extbl_260917_03~Fish16S.fastq  FASTQ   DNA           7        1,534      201    219.1      228  211.5    226    228        0  226   98.76   97.65
Extbl_260917_04~Fish16S.fastq  FASTQ   DNA          16        3,640      220    227.5      228    228    228    228        0  228   83.38   76.32
FC_130917~Fish16S.fastq        FASTQ   DNA           1          198      198      198      198     99    198     99        0  198   99.49   99.49
FC_160917~Fish16S.fastq        FASTQ   DNA           1          198      198      198      198     99    198     99        0  198   98.99   98.48
FC_190917~Fish16S.fastq        FASTQ   DNA      17,020    3,403,699      197      200      207    200    200    200        0  200   97.67   96.48
FC_Gairdner_01~Fish16S.fastq   FASTQ   DNA           1           12       12       12       12      6     12      6        0   12   33.33   33.33
FC_Glenelg~Fish16S.fastq       FASTQ   DNA           1          226      226      226      226    113    226    113        0  226   98.23   97.35
FC_Walcott_01~Fish16S.fastq    FASTQ   DNA      32,049    7,239,002      217    225.9      229    220    228    228        0  228   97.52   96.13
