file                        format  type   num_seqs      sum_len  min_len  avg_len  max_len   Q1   Q2   Q3  sum_gap  N50  Q20(%)  Q30(%)  GC(%)
MT1_10_1_16S.1.fq.gz        FASTQ   DNA   1,186,150  169,398,780       51    142.8      143  143  143  143        0  143   97.41   94.16  50.91
MT1_10_1_16S.2.fq.gz        FASTQ   DNA   1,186,150  169,614,896       51      143      143  143  143  143        0  143   96.79   92.95  50.39
MT1_10_2_16S.1.fq.gz        FASTQ   DNA     868,789  123,964,258      137    142.7      143  142  143  143        0  143   97.36   94.13  50.66
MT1_10_2_16S.2.fq.gz        FASTQ   DNA     868,789  124,217,974      137      143      143  143  143  143        0  143   96.85   93.03  49.81
MT1_10_3_16S.1.fq.gz        FASTQ   DNA   1,262,266  180,264,329      137    142.8      143  143  143  143        0  143   97.66   94.42  51.91
MT1_10_3_16S.2.fq.gz        FASTQ   DNA   1,262,266  180,496,060      139      143      143  143  143  143        0  143   97.19   93.58  50.81
MT1_10_4_16S.1.fq.gz        FASTQ   DNA   1,215,084  173,466,700       83    142.8      143  143  143  143        0  143    97.5   94.29  50.11
MT1_10_4_16S.2.fq.gz        FASTQ   DNA   1,215,084  173,649,283       83    142.9      143  143  143  143        0  143   96.82   93.15  50.69
MT1_10_5_16S.1.fq.gz        FASTQ   DNA   1,178,799  168,272,605       64    142.7      143  143  143  143        0  143   97.46   94.18  49.78
MT1_10_5_16S.2.fq.gz        FASTQ   DNA   1,178,799  168,544,002       64      143      143  143  143  143        0  143   97.06   93.44  49.63
MT1_10_WC_16S.1.fq.gz       FASTQ   DNA         569       81,242      140    142.8      143  143  143  143        0  143   94.32   89.89  49.78
MT1_10_WC_16S.2.fq.gz       FASTQ   DNA         569       81,356      141      143      143  143  143  143        0  143   92.94   87.77  50.51
MT1_11_1_16S.1.fq.gz        FASTQ   DNA     729,356  103,779,898       61    142.3      143  142  142  143        0  142   97.78   94.66  51.97
MT1_11_1_16S.2.fq.gz        FASTQ   DNA     729,356  104,288,627       61      143      143  143  143  143        0  143   97.01   93.52  48.89
MT1_1_1_16S.1.fq.gz         FASTQ   DNA   1,026,450  146,496,131       55    142.7      143  142  143  143        0  143   96.86   93.22  50.28
MT1_1_1_16S.2.fq.gz         FASTQ   DNA   1,026,450  146,735,764       55      143      143  143  143  143        0  143   96.59   92.68  51.45
MT1_11_2_16S.1.fq.gz        FASTQ   DNA   1,068,486  152,263,311      102    142.5      143  142  143  143        0  143   97.54   94.27   50.2
MT1_11_2_16S.2.fq.gz        FASTQ   DNA   1,068,486  152,773,235      102      143      143  143  143  143        0  143   96.92   93.23  48.87
MT1_11_3_16S.1.fq.gz        FASTQ   DNA     831,114  118,259,263       96    142.3      143  142  142  143        0  142   97.64   94.34  52.64
MT1_11_3_16S.2.fq.gz        FASTQ   DNA     831,114  118,847,395       96      143      143  143  143  143        0  143   97.46   94.22  49.28
MT1_11_4_16S.1.fq.gz        FASTQ   DNA   1,170,533  166,757,423       86    142.5      143  142  142  143        0  142   97.48   94.04  51.72
MT1_11_4_16S.2.fq.gz        FASTQ   DNA   1,170,533  167,337,015       86      143      143  143  143  143        0  143   96.76   92.99  50.29
MT1_11_5_16S.1.fq.gz        FASTQ   DNA     627,883   89,539,671       86    142.6      143  142  143  143        0  143    97.4    94.1  52.03
MT1_11_5_16S.2.fq.gz        FASTQ   DNA     627,883   89,726,229       86    142.9      143  143  143  143        0  143   96.75   92.92  50.21
MT1_11_WC_16S.1.fq.gz       FASTQ   DNA       1,507      215,186      140    142.8      143  143  143  143        0  143      96   92.12  49.66
MT1_11_WC_16S.2.fq.gz       FASTQ   DNA       1,507      215,465      141      143      143  143  143  143        0  143   94.85   90.26  50.66
MT1_12_1_16S.1.fq.gz        FASTQ   DNA     939,101  134,133,314       86    142.8      143  143  143  143        0  143   97.35   93.98  50.65
MT1_12_1_16S.2.fq.gz        FASTQ   DNA     939,101  134,261,090       86      143      143  143  143  143        0  143   96.44   92.37  53.07
MT1_1_2_16S.1.fq.gz         FASTQ   DNA     724,311  103,455,180       55    142.8      143  143  143  143        0  143   96.87   93.33  51.52
MT1_1_2_16S.2.fq.gz         FASTQ   DNA     724,311  103,560,860       55      143      143  143  143  143        0  143   96.39   92.29  52.44
MT1_12_2_16S.1.fq.gz        FASTQ   DNA   1,132,503  161,754,819       86    142.8      143  143  143  143        0  143   97.45   94.08  49.97
MT1_12_2_16S.2.fq.gz        FASTQ   DNA   1,132,503  161,941,378       86      143      143  143  143  143        0  143   96.71   92.91  52.11
MT1_12_3_16S.1.fq.gz        FASTQ   DNA     870,690  124,267,909       87    142.7      143  142  143  143        0  143   97.28   93.78  49.67
MT1_12_3_16S.2.fq.gz        FASTQ   DNA     870,690  124,448,797       72    142.9      143  143  143  143        0  143   96.61   92.68  51.32
MT1_12_4_16S.1.fq.gz        FASTQ   DNA   1,030,968  147,265,370       85    142.8      143  143  143  143        0  143   97.38   93.98   50.2
MT1_12_4_16S.2.fq.gz        FASTQ   DNA   1,030,968  147,414,019       85      143      143  143  143  143        0  143    96.7   92.85  52.49
MT1_12_5_16S.1.fq.gz        FASTQ   DNA     902,837  128,873,971       86    142.7      143  143  143  143        0  143   97.39   94.01  50.35
MT1_12_5_16S.2.fq.gz        FASTQ   DNA     902,837  129,098,947       86      143      143  143  143  143        0  143   96.69   92.89  52.02
MT1_12_WC_16S.1.fq.gz       FASTQ   DNA         863      123,301      140    142.9      143  143  143  143        0  143    96.2   92.44  49.53
MT1_12_WC_16S.2.fq.gz       FASTQ   DNA         863      123,396      141      143      143  143  143  143        0  143    94.9   90.33  50.68
MT1_13_1_16S.1.fq.gz        FASTQ   DNA     855,154  122,050,296       62    142.7      143  143  143  143        0  143   97.03   93.38  50.55
MT1_13_1_16S.2.fq.gz        FASTQ   DNA     855,154  122,270,115       62      143      143  143  143  143        0  143   96.64    92.7  51.16
MT1_1_3_16S.1.fq.gz         FASTQ   DNA   1,035,951  147,925,963       64    142.8      143  143  143  143        0  143   96.97   93.53  51.43
MT1_1_3_16S.2.fq.gz         FASTQ   DNA   1,035,951  148,129,052       64      143      143  143  143  143        0  143   96.57   92.52  52.06
MT1_13_2_16S.1.fq.gz        FASTQ   DNA     279,585   39,891,566       54    142.7      143  142  143  143        0  143    96.9   93.41  50.16
MT1_13_2_16S.2.fq.gz        FASTQ   DNA     279,585   39,971,194       54      143      143  143  143  143        0  143   96.68   92.69     51
MT1_13_3_16S.1.fq.gz        FASTQ   DNA     209,701   29,931,685       55    142.7      143  142  143  143        0  143    97.4   94.08  49.97
MT1_13_3_16S.2.fq.gz        FASTQ   DNA     209,701   29,984,772       55      143      143  143  143  143        0  143   96.96   93.23  51.27
MT1_13_4_16S.1.fq.gz        FASTQ   DNA     225,643   32,230,032      139    142.8      143  143  143  143        0  143   97.34   94.03  51.38
MT1_13_4_16S.2.fq.gz        FASTQ   DNA     225,643   32,266,115      137      143      143  143  143  143        0  143   96.84   92.96   51.4
MT1_13_WC_16S.1.fq.gz       FASTQ   DNA       3,297      470,762       32    142.8      143  143  143  143        0  143    96.6   92.98  49.31
MT1_13_WC_16S.2.fq.gz       FASTQ   DNA       3,297      471,161       32    142.9      143  143  143  143        0  143   95.21   90.68  50.73
MT1_14_1_16S.1.fq.gz        FASTQ   DNA     232,504   33,193,696      137    142.8      143  143  143  143        0  143   97.49   94.28   51.9
MT1_14_1_16S.2.fq.gz        FASTQ   DNA     232,504   33,245,545      137      143      143  143  143  143        0  143   96.88   93.02  50.98
MT1_1_4_16S.1.fq.gz         FASTQ   DNA     957,426  136,663,958       54    142.7      143  143  143  143        0  143   96.86   93.27  49.28
MT1_1_4_16S.2.fq.gz         FASTQ   DNA     957,426  136,896,997       54      143      143  143  143  143        0  143   96.44   92.39  51.61
MT1_14_2_16S.1.fq.gz        FASTQ   DNA     321,914   45,970,150      128    142.8      143  143  143  143        0  143   97.32   93.97  49.15
MT1_14_2_16S.2.fq.gz        FASTQ   DNA     321,914   46,032,971      135      143      143  143  143  143        0  143   96.93   93.09  49.65
MT1_14_3_16S.1.fq.gz        FASTQ   DNA     168,421   24,041,497      136    142.7      143  143  143  143        0  143   97.35   93.99  50.74
MT1_14_3_16S.2.fq.gz        FASTQ   DNA     168,421   24,071,030      140    142.9      143  143  143  143        0  143   96.96   93.19  50.24
MT1_14_4_16S.1.fq.gz        FASTQ   DNA     356,728   50,967,241      115    142.9      143  143  143  143        0  143   97.37   93.95     51
MT1_14_4_16S.2.fq.gz        FASTQ   DNA     356,728   51,008,981      115      143      143  143  143  143        0  143   97.14   93.55  51.77
MT1_14_5_16S.1.fq.gz        FASTQ   DNA   1,116,602  159,547,843       83    142.9      143  143  143  143        0  143   97.24   93.74  51.53
MT1_14_5_16S.2.fq.gz        FASTQ   DNA   1,116,602  159,669,549       83      143      143  143  143  143        0  143   96.96   93.18  50.69
MT1_14_WC_16S.1.fq.gz       FASTQ   DNA       1,094      156,279      104    142.9      143  143  143  143        0  143   96.25   92.55  49.11
MT1_14_WC_16S.2.fq.gz       FASTQ   DNA       1,094      156,389      104      143      143  143  143  143        0  143   94.67   90.08  50.93
MT1_15_1_16S.1.fq.gz        FASTQ   DNA     809,793  115,709,802       27    142.9      143  143  143  143        0  143   97.32   94.01  49.69
MT1_15_1_16S.2.fq.gz        FASTQ   DNA     809,793  115,792,687       27      143      143  143  143  143        0  143   97.21    93.7  50.42
MT1_1_5_16S.1.fq.gz         FASTQ   DNA     818,907  116,875,209       63    142.7      143  142  143  143        0  143   96.73   93.16  50.64
MT1_1_5_16S.2.fq.gz         FASTQ   DNA     818,907  117,075,482       63      143      143  143  143  143        0  143   96.64   92.73  51.92
MT1_15_2_16S.1.fq.gz        FASTQ   DNA   1,073,695  153,370,622      125    142.8      143  143  143  143        0  143   97.48   94.18  49.32
MT1_15_2_16S.2.fq.gz        FASTQ   DNA   1,073,695  153,531,376      125      143      143  143  143  143        0  143   96.78   92.86  50.26
MT1_15_3_16S.1.fq.gz        FASTQ   DNA   1,023,228  146,135,936       27    142.8      143  143  143  143        0  143   97.28   93.89  49.41
MT1_15_3_16S.2.fq.gz        FASTQ   DNA   1,023,228  146,306,096       27      143      143  143  143  143        0  143   96.97    93.3  50.64
MT1_15_4_16S.1.fq.gz        FASTQ   DNA   1,235,518  176,481,225       92    142.8      143  143  143  143        0  143   97.17   93.75  49.42
MT1_15_4_16S.2.fq.gz        FASTQ   DNA   1,235,518  176,663,459       92      143      143  143  143  143        0  143   96.82   92.96  50.31
MT1_15_5_16S.1.fq.gz        FASTQ   DNA     936,565  133,817,696       99    142.9      143  143  143  143        0  143   97.25    93.9  50.11
MT1_15_5_16S.2.fq.gz        FASTQ   DNA     936,565  133,919,661       99      143      143  143  143  143        0  143      97   93.27  50.66
MT1_15_WC_16S.1.fq.gz       FASTQ   DNA       3,691      527,337       91    142.9      143  143  143  143        0  143   96.89   93.42  49.49
MT1_15_WC_16S.2.fq.gz       FASTQ   DNA       3,691      527,616       91    142.9      143  143  143  143        0  143   95.59   91.26  50.74
MT1_16_1_16S.1.fq.gz        FASTQ   DNA     721,018  102,985,956      104    142.8      143  143  143  143        0  143   97.46   94.18  49.14
MT1_16_1_16S.2.fq.gz        FASTQ   DNA     721,018  103,095,445      120      143      143  143  143  143        0  143   96.82   92.99  51.13
MT1_16_2_16S.1.fq.gz        FASTQ   DNA     727,395  103,843,741       72    142.8      143  143  143  143        0  143   97.57   94.33  49.14
MT1_16_2_16S.2.fq.gz        FASTQ   DNA     727,395  104,008,656      137      143      143  143  143  143        0  143   97.08   93.47  51.22
MT1_16_3_16S.1.fq.gz        FASTQ   DNA     766,239  109,450,953       37    142.8      143  143  143  143        0  143   97.25   93.74   50.2
MT1_16_3_16S.2.fq.gz        FASTQ   DNA     766,239  109,561,343       37      143      143  143  143  143        0  143   96.47    92.4  51.32
MT1_16_4_16S.1.fq.gz        FASTQ   DNA     880,433  125,677,943       38    142.7      143  142  143  143        0  143   97.02   93.33  49.39
MT1_16_4_16S.2.fq.gz        FASTQ   DNA     880,433  125,893,768       38      143      143  143  143  143        0  143   96.41   92.17  50.73
MT1_16_5_16S.1.fq.gz        FASTQ   DNA     897,308  128,162,371       64    142.8      143  143  143  143        0  143   97.24   93.78  50.96
MT1_16_5_16S.2.fq.gz        FASTQ   DNA     897,308  128,306,659       64      143      143  143  143  143        0  143   96.32   92.03  50.99
MT1_16_WC_16S.1.fq.gz       FASTQ   DNA       3,033      433,386      139    142.9      143  143  143  143        0  143   96.73   93.18   49.3
MT1_16_WC_16S.2.fq.gz       FASTQ   DNA       3,033      432,484      138    142.6      143  143  143  143        0  143   78.03   67.05  49.26
MT1_17_1_16S.1.fq.gz        FASTQ   DNA   1,464,345  209,156,181       76    142.8      143  143  143  143        0  143   96.85   93.22  48.99
MT1_17_1_16S.2.fq.gz        FASTQ   DNA   1,464,345  209,350,310       76      143      143  143  143  143        0  143   96.46   92.45  51.84
MT1_17_2_16S.1.fq.gz        FASTQ   DNA   1,186,515  169,484,244       83    142.8      143  143  143  143        0  143   96.64   92.86  49.81
MT1_17_2_16S.2.fq.gz        FASTQ   DNA   1,186,515  169,444,407       83    142.8      143  143  143  143        0  143   96.05   91.88  52.31
MT1_17_3_16S.1.fq.gz        FASTQ   DNA   1,047,358  149,655,775       68    142.9      143  143  143  143        0  143   96.83   93.19  49.22
MT1_17_3_16S.2.fq.gz        FASTQ   DNA   1,047,358  149,754,210       72      143      143  143  143  143        0  143   96.48   92.49  51.82
MT1_17_4_16S.1.fq.gz        FASTQ   DNA   1,358,928  194,150,321       91    142.9      143  143  143  143        0  143   96.81   93.15   50.3
MT1_17_4_16S.2.fq.gz        FASTQ   DNA   1,358,928  194,313,973       91      143      143  143  143  143        0  143   96.11   91.84  51.59
MT1_17_5_16S.1.fq.gz        FASTQ   DNA     140,936   20,121,958      114    142.8      143  143  143  143        0  143   97.07   93.62  49.71
MT1_17_5_16S.2.fq.gz        FASTQ   DNA     140,936   20,147,814      114      143      143  143  143  143        0  143   97.26   93.73  51.88
MT1_17_WC_16S.1.fq.gz       FASTQ   DNA       2,633      376,206      109    142.9      143  143  143  143        0  143   96.29   92.67  49.18
MT1_17_WC_16S.2.fq.gz       FASTQ   DNA       2,633      376,470      141      143      143  143  143  143        0  143   95.05   90.46  50.68
MT1_18_1_16S.1.fq.gz        FASTQ   DNA     416,934   59,512,886      102    142.7      143  143  143  143        0  143   97.05   93.55   49.8
MT1_18_1_16S.2.fq.gz        FASTQ   DNA     416,934   59,598,283      102    142.9      143  143  143  143        0  143   96.79   92.89  51.28
MT1_18_2_16S.1.fq.gz        FASTQ   DNA     188,167   26,876,329       91    142.8      143  143  143  143        0  143   96.77   93.04  50.02
MT1_18_2_16S.2.fq.gz        FASTQ   DNA     188,167   26,899,942       91      143      143  143  143  143        0  143   97.14   93.47  52.06
MT1_18_3_16S.1.fq.gz        FASTQ   DNA     352,517   50,386,057       32    142.9      143  143  143  143        0  143   97.02   93.64  49.66
MT1_18_3_16S.2.fq.gz        FASTQ   DNA     352,517   50,402,705       32      143      143  143  143  143        0  143   96.87   92.99  51.85
MT1_18_4_16S.1.fq.gz        FASTQ   DNA     306,568   43,774,886      115    142.8      143  143  143  143        0  143   97.21   93.84   49.7
MT1_18_4_16S.2.fq.gz        FASTQ   DNA     306,568   43,834,102      115      143      143  143  143  143        0  143   71.65    58.3  49.12
MT1_18_5_16S.1.fq.gz        FASTQ   DNA     414,521   59,194,962      108    142.8      143  143  143  143        0  143   97.44   94.08  50.37
MT1_18_5_16S.2.fq.gz        FASTQ   DNA     414,521   59,269,424      108      143      143  143  143  143        0  143   97.12   93.44   52.6
MT1_18_WC_16S.1.fq.gz       FASTQ   DNA       1,643      234,777      139    142.9      143  143  143  143        0  143   96.38   92.88  49.19
MT1_18_WC_16S.2.fq.gz       FASTQ   DNA       1,643      234,923      141      143      143  143  143  143        0  143   95.02   90.53  50.53
MT1_19_1_16S.1.fq.gz        FASTQ   DNA     211,070   30,173,187       72      143      143  143  143  143        0  143   97.51   94.35  51.35
MT1_19_1_16S.2.fq.gz        FASTQ   DNA     211,070   30,181,599       72      143      143  143  143  143        0  143   97.04   93.08  48.97
MT1_19_2_16S.1.fq.gz        FASTQ   DNA     650,348   92,971,935       75      143      143  143  143  143        0  143   97.46   94.24   51.6
MT1_19_2_16S.2.fq.gz        FASTQ   DNA     650,348   92,996,367       75      143      143  143  143  143        0  143   96.72   92.74  50.04
MT1_19_3_16S.1.fq.gz        FASTQ   DNA     186,714   26,685,306       60    142.9      143  143  143  143        0  143   97.01   93.47  50.41
MT1_19_3_16S.2.fq.gz        FASTQ   DNA     186,714   26,698,934      139      143      143  143  143  143        0  143   96.35   92.22  49.56
MT1_19_4_16S.1.fq.gz        FASTQ   DNA     606,185   86,598,086       35    142.9      143  143  143  143        0  143   97.14    93.7   51.1
MT1_19_4_16S.2.fq.gz        FASTQ   DNA     606,185   86,679,434       35      143      143  143  143  143        0  143   96.24   91.95  50.14
MT1_19_5_16S.1.fq.gz        FASTQ   DNA     176,839   25,271,579       92    142.9      143  143  143  143        0  143   96.94   93.32  50.52
MT1_19_5_16S.2.fq.gz        FASTQ   DNA     176,839   25,285,219       92      143      143  143  143  143        0  143   96.43   92.35   50.1
MT1_19_WC_16S.1.fq.gz       FASTQ   DNA       4,748      678,352       75    142.9      143  143  143  143        0  143    96.5   92.96  49.38
MT1_19_WC_16S.2.fq.gz       FASTQ   DNA       4,748      678,832       75      143      143  143  143  143        0  143   95.23   90.78  50.55
MT1_1_WC_16S.1.fq.gz        FASTQ   DNA       2,547      363,889      138    142.9      143  143  143  143        0  143   96.03   92.02  48.75
MT1_1_WC_16S.2.fq.gz        FASTQ   DNA       2,547      364,191      141      143      143  143  143  143        0  143    95.4   91.18  50.87
MT1_20_1_16S.1.fq.gz        FASTQ   DNA     722,047  103,125,937      116    142.8      143  143  143  143        0  143   97.31   93.92  50.08
MT1_20_1_16S.2.fq.gz        FASTQ   DNA     722,047  103,225,732      116      143      143  143  143  143        0  143   96.47    92.4  51.89
MT1_20_2_16S.1.fq.gz        FASTQ   DNA     383,614   54,737,567       72    142.7      143  142  143  143        0  143   97.01   93.38  49.14
MT1_20_2_16S.2.fq.gz        FASTQ   DNA     383,614   54,834,142      119    142.9      143  143  143  143        0  143   71.11   57.57  47.99
MT1_20_3_16S.1.fq.gz        FASTQ   DNA     583,680   83,309,496       74    142.7      143  142  143  143        0  143      97   93.38   49.9
MT1_20_3_16S.2.fq.gz        FASTQ   DNA     583,680   83,444,812       74      143      143  143  143  143        0  143   96.64   92.63  51.43
MT1_20_4_16S.1.fq.gz        FASTQ   DNA     432,697   61,760,375       72    142.7      143  142  143  143        0  143   97.06   93.49   49.7
MT1_20_4_16S.2.fq.gz        FASTQ   DNA     432,697   61,867,448       95      143      143  143  143  143        0  143   96.62   92.63  50.88
MT1_20_5_16S.1.fq.gz        FASTQ   DNA     635,320   90,781,304       70    142.9      143  143  143  143        0  143   97.15   93.69  49.85
MT1_20_5_16S.2.fq.gz        FASTQ   DNA     635,320   90,848,251       70      143      143  143  143  143        0  143   96.47   92.43   51.7
MT1_20_WC_16S.1.fq.gz       FASTQ   DNA         537       76,737      138    142.9      143  143  143  143        0  143   95.12   91.12   49.1
MT1_20_WC_16S.2.fq.gz       FASTQ   DNA         537       76,771      141      143      143  143  143  143        0  143   93.87   89.21  49.93
MT1_21_1_16S.1.fq.gz        FASTQ   DNA     194,558   27,730,876      107    142.5      143  142  143  143        0  143   97.53   94.22  50.37
MT1_21_1_16S.2.fq.gz        FASTQ   DNA     194,558   27,820,460      107      143      143  143  143  143        0  143   97.35   93.81  51.29
MT1_2_1_16S.1.fq.gz         FASTQ   DNA     987,014  140,929,787       27    142.8      143  143  143  143        0  143   97.31   93.95  50.62
MT1_2_1_16S.2.fq.gz         FASTQ   DNA     987,014  141,070,396       27    142.9      143  143  143  143        0  143   96.57   92.68  51.91
MT1_21_2_16S.1.fq.gz        FASTQ   DNA     781,207  111,392,222       72    142.6      143  142  143  143        0  143   97.49    94.2  50.68
MT1_21_2_16S.2.fq.gz        FASTQ   DNA     781,207  111,694,230       72      143      143  143  143  143        0  143   96.72   92.74  52.25
MT1_21_3_16S.1.fq.gz        FASTQ   DNA     348,358   49,707,720      125    142.7      143  142  143  143        0  143   97.42   94.11  51.36
MT1_21_3_16S.2.fq.gz        FASTQ   DNA     348,358   49,811,904      141      143      143  143  143  143        0  143   96.93   93.12  52.46
MT1_21_4_16S.1.fq.gz        FASTQ   DNA     732,090  104,473,614      108    142.7      143  142  143  143        0  143   97.28   93.75   50.4
MT1_21_4_16S.2.fq.gz        FASTQ   DNA     732,090  104,651,239      108    142.9      143  143  143  143        0  143   97.09   93.28   50.8
MT1_21_5_16S.1.fq.gz        FASTQ   DNA     363,765   51,962,022       71    142.8      143  143  143  143        0  143   97.59   94.33  50.24
MT1_21_5_16S.2.fq.gz        FASTQ   DNA     363,765   52,013,969      140      143      143  143  143  143        0  143   71.69   58.27  49.42
MT1_21_WC_16S.1.fq.gz       FASTQ   DNA     437,633   62,531,563       38    142.9      143  143  143  143        0  143   97.63   94.16  50.37
MT1_21_WC_16S.2.fq.gz       FASTQ   DNA     437,633   62,579,161       38      143      143  143  143  143        0  143   97.03   93.12  51.05
MT1_22_1_16S.1.fq.gz        FASTQ   DNA     382,242   54,635,151      118    142.9      143  143  143  143        0  143   97.79   94.77  49.72
MT1_22_1_16S.2.fq.gz        FASTQ   DNA     382,242   54,656,524      108      143      143  143  143  143        0  143   97.24    93.7  51.48
MT1_2_2_16S.1.fq.gz         FASTQ   DNA     928,989  132,577,320       27    142.7      143  142  143  143        0  143   97.17   93.67  49.95
MT1_2_2_16S.2.fq.gz         FASTQ   DNA     928,989  132,773,209       27    142.9      143  143  143  143        0  143   96.74   92.89  51.17
MT1_22_2_16S.1.fq.gz        FASTQ   DNA     269,895   38,568,636      138    142.9      143  143  143  143        0  143   97.78   94.78  49.69
MT1_22_2_16S.2.fq.gz        FASTQ   DNA     269,895   38,590,970      138      143      143  143  143  143        0  143   97.15   93.53  51.67
MT1_22_3_16S.1.fq.gz        FASTQ   DNA     825,874  118,010,793       91    142.9      143  143  143  143        0  143   97.51   94.36  50.42
MT1_22_3_16S.2.fq.gz        FASTQ   DNA     825,874  118,090,628       91      143      143  143  143  143        0  143   97.13   93.53  51.88
MT1_22_4_16S.1.fq.gz        FASTQ   DNA     222,839   31,808,007       73    142.7      143  142  143  143        0  143   97.45   94.06  49.56
MT1_22_4_16S.2.fq.gz        FASTQ   DNA     222,839   31,861,422       73      143      143  143  143  143        0  143   97.14   93.57   51.2
MT1_22_5_16S.1.fq.gz        FASTQ   DNA     485,958   69,434,949       67    142.9      143  143  143  143        0  143   97.54   94.23  49.18
MT1_22_5_16S.2.fq.gz        FASTQ   DNA     485,958   69,480,743       67      143      143  143  143  143        0  143   96.86   93.03  51.28
MT1_22_WC_16S.1.fq.gz       FASTQ   DNA     235,439   33,667,315      115      143      143  143  143  143        0  143   96.76   92.95  46.34
MT1_22_WC_16S.2.fq.gz       FASTQ   DNA     235,439   33,667,406      115      143      143  143  143  143        0  143   98.49   96.18  51.07
MT1_23_1_16S.1.fq.gz        FASTQ   DNA     304,452   43,478,972      118    142.8      143  143  143  143        0  143   97.46   94.04  48.27
MT1_23_1_16S.2.fq.gz        FASTQ   DNA     304,452   43,535,657      118      143      143  143  143  143        0  143   96.67    92.6  52.07
MT1_2_3_16S.1.fq.gz         FASTQ   DNA     973,942  139,100,939       63    142.8      143  143  143  143        0  143   97.31    93.9  50.74
MT1_2_3_16S.2.fq.gz         FASTQ   DNA     973,942  139,202,262       63    142.9      143  143  143  143        0  143   96.38   92.26  51.42
MT1_23_2_16S.1.fq.gz        FASTQ   DNA     702,147  100,257,419       72    142.8      143  143  143  143        0  143   97.56   94.27  49.79
MT1_23_2_16S.2.fq.gz        FASTQ   DNA     702,147  100,396,983       72      143      143  143  143  143        0  143   96.75   92.77  52.89
MT1_23_3_16S.1.fq.gz        FASTQ   DNA     312,604   44,578,632      134    142.6      143  142  143  143        0  143    97.2    93.7  49.04
MT1_23_3_16S.2.fq.gz        FASTQ   DNA     312,604   44,696,267      134      143      143  143  143  143        0  143   71.72   58.19  49.53
MT1_23_4_16S.1.fq.gz        FASTQ   DNA     684,793   97,723,759       72    142.7      143  142  143  143        0  143   97.12   93.43   49.2
MT1_23_4_16S.2.fq.gz        FASTQ   DNA     684,793   97,920,772       72      143      143  143  143  143        0  143   96.93   93.02  51.36
MT1_23_5_16S.1.fq.gz        FASTQ   DNA     473,770   67,603,374      112    142.7      143  142  143  143        0  143   97.37   93.99  49.42
MT1_23_5_16S.2.fq.gz        FASTQ   DNA     473,770   67,745,999      112      143      143  143  143  143        0  143   96.89   92.97  52.79
MT1_23_WC_16S.1.fq.gz       FASTQ   DNA       1,854      264,778       63    142.8      143  143  143  143        0  143   95.93   92.08  49.34
MT1_23_WC_16S.2.fq.gz       FASTQ   DNA       1,854      264,940       63    142.9      143  143  143  143        0  143   94.52   89.63  50.32
MT1_24_1_16S.1.fq.gz        FASTQ   DNA   1,081,475  154,427,926       72    142.8      143  143  143  143        0  143   97.33   93.95  50.37
MT1_24_1_16S.2.fq.gz        FASTQ   DNA   1,081,475  154,642,460       73      143      143  143  143  143        0  143   96.89   93.07  51.53
MT1_2_4_16S.1.fq.gz         FASTQ   DNA     887,203  126,709,729       27    142.8      143  143  143  143        0  143   97.18   93.77   50.5
MT1_2_4_16S.2.fq.gz         FASTQ   DNA     887,203  126,810,568       27    142.9      143  143  143  143        0  143   96.64   92.79  51.42
MT1_24_2_16S.1.fq.gz        FASTQ   DNA     308,313   44,063,536      106    142.9      143  143  143  143        0  143   97.21    93.7  49.56
MT1_24_2_16S.2.fq.gz        FASTQ   DNA     308,313   44,086,497      106      143      143  143  143  143        0  143   97.01   93.34  51.09
MT1_24_3_16S.1.fq.gz        FASTQ   DNA     690,005   98,435,531       64    142.7      143  142  143  143        0  143   97.31   93.87  49.14
MT1_24_3_16S.2.fq.gz        FASTQ   DNA     690,005   98,664,813       64      143      143  143  143  143        0  143   96.69   92.79  50.12
MT1_24_4_16S.1.fq.gz        FASTQ   DNA     269,731   38,521,805      108    142.8      143  143  143  143        0  143   96.98   93.47  49.44
MT1_24_4_16S.2.fq.gz        FASTQ   DNA     269,731   38,569,673      108      143      143  143  143  143        0  143   96.53   92.49  51.72
MT1_24_5_16S.1.fq.gz        FASTQ   DNA   1,048,644  149,824,747      137    142.9      143  143  143  143        0  143   97.29   93.91  49.98
MT1_24_5_16S.2.fq.gz        FASTQ   DNA   1,048,644  149,944,728      140      143      143  143  143  143        0  143   96.73   92.89  51.73
MT1_24_WC_16S.1.fq.gz       FASTQ   DNA       1,541      220,166      140    142.9      143  143  143  143        0  143    96.5    92.9  49.23
MT1_24_WC_16S.2.fq.gz       FASTQ   DNA       1,541      219,853      140    142.7      143  143  143  143        0  143   79.51    69.1  49.51
MT1_2_5_16S.1.fq.gz         FASTQ   DNA     789,125  112,635,774       52    142.7      143  142  143  143        0  143   97.28    93.9  50.13
MT1_2_5_16S.2.fq.gz         FASTQ   DNA     789,125  112,802,272       53    142.9      143  143  143  143        0  143   96.46   92.41   51.5
MT1_2_WC_16S.1.fq.gz        FASTQ   DNA       1,563      222,947       70    142.6      143  143  143  143        0  143   95.67    91.7     49
MT1_2_WC_16S.2.fq.gz        FASTQ   DNA       1,563      223,125       70    142.8      143  143  143  143        0  143   95.09   90.77   50.8
MT1_3_1_16S.1.fq.gz         FASTQ   DNA   1,019,376  145,494,858       27    142.7      143  142  143  143        0  143   97.29    93.9  50.43
MT1_3_1_16S.2.fq.gz         FASTQ   DNA   1,019,376  145,738,344       27      143      143  143  143  143        0  143   96.82   93.01  51.27
MT1_3_2_16S.1.fq.gz         FASTQ   DNA     953,195  136,148,222       27    142.8      143  143  143  143        0  143   97.26   93.89  50.08
MT1_3_2_16S.2.fq.gz         FASTQ   DNA     953,195  136,294,670       27      143      143  143  143  143        0  143   96.76   92.97  51.24
MT1_3_3_16S.1.fq.gz         FASTQ   DNA     894,382  127,740,953       27    142.8      143  143  143  143        0  143   97.14   93.71  50.25
MT1_3_3_16S.2.fq.gz         FASTQ   DNA     894,382  127,870,531       27      143      143  143  143  143        0  143   96.98    93.3  51.43
MT1_3_4_16S.1.fq.gz         FASTQ   DNA   1,101,673  157,272,623       59    142.8      143  143  143  143        0  143   97.15   93.69  49.71
MT1_3_4_16S.2.fq.gz         FASTQ   DNA   1,101,673  157,513,457       59      143      143  143  143  143        0  143   96.76   92.85  50.97
MT1_3_5_16S.1.fq.gz         FASTQ   DNA     932,838  133,111,172       72    142.7      143  142  143  143        0  143   96.91    93.4  50.15
MT1_3_5_16S.2.fq.gz         FASTQ   DNA     932,838  133,359,578       72      143      143  143  143  143        0  143   96.78   92.83  51.01
MT1_3_WC_16S.1.fq.gz        FASTQ   DNA       5,572      767,859       92    137.8      143  143  143  143        0  143   96.04   92.15  48.29
MT1_3_WC_16S.2.fq.gz        FASTQ   DNA       5,572      771,277       92    138.4      143  143  143  143        0  143   95.29   91.01  50.28
MT1_4_1_16S.1.fq.gz         FASTQ   DNA   1,113,749  159,122,243       71    142.9      143  143  143  143        0  143   97.28   93.87     51
MT1_4_1_16S.2.fq.gz         FASTQ   DNA   1,113,749  159,250,072       71      143      143  143  143  143        0  143   96.67   92.69  52.01
MT1_4_2_16S.1.fq.gz         FASTQ   DNA   1,524,246  217,804,676       54    142.9      143  143  143  143        0  143   97.18   93.72  50.28
MT1_4_2_16S.2.fq.gz         FASTQ   DNA   1,524,246  217,934,454       54      143      143  143  143  143        0  143   96.83   93.02  51.76
MT1_4_3_16S.1.fq.gz         FASTQ   DNA     878,880  125,576,333       68    142.9      143  143  143  143        0  143   97.04   93.48  51.15
MT1_4_3_16S.2.fq.gz         FASTQ   DNA     878,880  125,671,846       68      143      143  143  143  143        0  143   96.72   92.79  52.03
MT1_4_4_16S.1.fq.gz         FASTQ   DNA   1,059,832  151,452,646       54    142.9      143  143  143  143        0  143   97.08   93.62  49.87
MT1_4_4_16S.2.fq.gz         FASTQ   DNA   1,059,832  151,544,868       54      143      143  143  143  143        0  143   96.96   93.22   51.7
MT1_4_5_16S.1.fq.gz         FASTQ   DNA   1,019,057  145,549,934      112    142.8      143  143  143  143        0  143   97.04   93.55   50.4
MT1_4_5_16S.2.fq.gz         FASTQ   DNA   1,019,057  145,711,454      112      143      143  143  143  143        0  143   97.02   93.38  51.87
MT1_4_WC_16S.1.fq.gz        FASTQ   DNA         329       46,971      141    142.8      143  143  143  143        0  143   95.22   91.29  49.84
MT1_4_WC_16S.2.fq.gz        FASTQ   DNA         329       47,041      141      143      143  143  143  143        0  143   94.34   89.49  50.63
MT1_5_1_16S.1.fq.gz         FASTQ   DNA     619,574   88,481,323      120    142.8      143  143  143  143        0  143   97.06   93.49  50.21
MT1_5_1_16S.2.fq.gz         FASTQ   DNA     619,574   88,596,347      120      143      143  143  143  143        0  143   96.81      93  51.18
MT1_5_2_16S.1.fq.gz         FASTQ   DNA     668,475   95,495,305       72    142.9      143  143  143  143        0  143   97.15   93.77  50.76
MT1_5_2_16S.2.fq.gz         FASTQ   DNA     668,475   95,587,625       72      143      143  143  143  143        0  143   96.31   92.19  51.47
MT1_5_3_16S.1.fq.gz         FASTQ   DNA     586,870   83,816,681       64    142.8      143  143  143  143        0  143   97.18    93.8  50.33
MT1_5_3_16S.2.fq.gz         FASTQ   DNA     586,870   83,914,803       64      143      143  143  143  143        0  143   96.39    92.3  51.17
MT1_5_4_16S.1.fq.gz         FASTQ   DNA     817,119  116,657,489      104    142.8      143  143  143  143        0  143   97.24   93.85  50.72
MT1_5_4_16S.2.fq.gz         FASTQ   DNA     817,119  116,844,035      104      143      143  143  143  143        0  143   96.05   91.67  51.24
MT1_5_5_16S.1.fq.gz         FASTQ   DNA     772,347  110,372,558       44    142.9      143  143  143  143        0  143   97.15   93.73  51.34
MT1_5_5_16S.2.fq.gz         FASTQ   DNA     772,347  110,436,091       44      143      143  143  143  143        0  143   96.22   92.07  51.61
MT1_5_WC_16S.1.fq.gz        FASTQ   DNA       1,048      149,573      113    142.7      143  143  143  143        0  143   96.17   92.27  49.71
MT1_5_WC_16S.2.fq.gz        FASTQ   DNA       1,048      149,787      113    142.9      143  143  143  143        0  143    95.1   90.55  50.53
MT1_6_1_16S.1.fq.gz         FASTQ   DNA     967,560  138,067,766       85    142.7      143  142  143  143        0  143   97.29    93.9  50.48
MT1_6_1_16S.2.fq.gz         FASTQ   DNA     967,560  138,354,786       85      143      143  143  143  143        0  143   96.64   92.66  50.17
MT1_6_2_16S.1.fq.gz         FASTQ   DNA     512,430   73,177,440      104    142.8      143  143  143  143        0  143   97.22   93.84  49.87
MT1_6_2_16S.2.fq.gz         FASTQ   DNA     512,430   73,275,638      104      143      143  143  143  143        0  143   96.85   93.12  49.54
MT1_6_3_16S.1.fq.gz         FASTQ   DNA     988,707  141,118,130       72    142.7      143  142  143  143        0  143   97.22   93.79  50.21
MT1_6_3_16S.2.fq.gz         FASTQ   DNA     988,707  141,381,395       72      143      143  143  143  143        0  143   96.78   93.01   50.2
MT1_6_4_16S.1.fq.gz         FASTQ   DNA     826,873  118,042,175       76    142.8      143  143  143  143        0  143   97.24   93.83  49.79
MT1_6_4_16S.2.fq.gz         FASTQ   DNA     826,873  118,240,242       76      143      143  143  143  143        0  143   96.82   93.04  49.79
MT1_6_5_16S.1.fq.gz         FASTQ   DNA   1,529,896  218,379,176       90    142.7      143  143  143  143        0  143   97.24   93.79  50.64
MT1_6_5_16S.2.fq.gz         FASTQ   DNA   1,529,896  218,771,257       90      143      143  143  143  143        0  143   96.69   92.82  50.38
MT1_6_WC_16S.1.fq.gz        FASTQ   DNA         357       50,979      142    142.8      143  143  143  143        0  143   95.85   91.73   49.9
MT1_6_WC_16S.2.fq.gz        FASTQ   DNA         357       51,048      142      143      143  143  143  143        0  143   94.81   90.11  50.73
MT1_7_1_16S.1.fq.gz         FASTQ   DNA   1,228,856  175,512,616       86    142.8      143  143  143  143        0  143   96.89   93.36  49.74
MT1_7_1_16S.2.fq.gz         FASTQ   DNA   1,228,856  175,723,086       86      143      143  143  143  143        0  143   96.82      93   50.9
MT1_7_2_16S.1.fq.gz         FASTQ   DNA   1,467,113  209,342,442       35    142.7      143  142  143  143        0  143    97.4   94.05  50.53
MT1_7_2_16S.2.fq.gz         FASTQ   DNA   1,467,113  209,793,179       35      143      143  143  143  143        0  143   96.54   92.47  50.67
MT1_7_3_16S.1.fq.gz         FASTQ   DNA   1,505,424  214,944,372       51    142.8      143  143  143  143        0  143   97.29   93.87  50.55
MT1_7_3_16S.2.fq.gz         FASTQ   DNA   1,505,424  215,267,685       51      143      143  143  143  143        0  143   96.44   92.32  50.22
MT1_7_4_16S.1.fq.gz         FASTQ   DNA   1,276,469  182,171,069       52    142.7      143  142  143  143        0  143    97.5   94.25  50.51
MT1_7_4_16S.2.fq.gz         FASTQ   DNA   1,276,469  182,529,722       52      143      143  143  143  143        0  143    96.8   92.96  50.08
MT1_7_5_16S.1.fq.gz         FASTQ   DNA   1,365,113  194,810,310      123    142.7      143  143  143  143        0  143    97.3   93.94  50.71
MT1_7_5_16S.2.fq.gz         FASTQ   DNA   1,365,113  195,207,597      123      143      143  143  143  143        0  143   96.67   92.71  50.07
MT1_7_WC_16S.1.fq.gz        FASTQ   DNA       1,345      192,004      131    142.8      143  143  143  143        0  143   96.38   92.53  49.92
MT1_7_WC_16S.2.fq.gz        FASTQ   DNA       1,345      192,291      131      143      143  143  143  143        0  143   94.91    90.2  51.07
MT1_8_1_16S.1.fq.gz         FASTQ   DNA   1,220,465  174,320,426       73    142.8      143  143  143  143        0  143   97.24   93.88  50.12
MT1_8_1_16S.2.fq.gz         FASTQ   DNA   1,220,465  174,521,772       73      143      143  143  143  143        0  143   96.77    92.9  49.84
MT1_8_2_16S.1.fq.gz         FASTQ   DNA   1,127,596  160,971,783       86    142.8      143  143  143  143        0  143   97.34   93.98  49.72
MT1_8_2_16S.2.fq.gz         FASTQ   DNA   1,127,596  161,242,118       86      143      143  143  143  143        0  143   96.73   92.82  50.34
MT1_8_3_16S.1.fq.gz         FASTQ   DNA     670,819   95,765,447      105    142.8      143  143  143  143        0  143   97.26   93.88  51.28
MT1_8_3_16S.2.fq.gz         FASTQ   DNA     670,819   95,925,648      105      143      143  143  143  143        0  143   96.86   93.09  51.11
MT1_8_4_16S.1.fq.gz         FASTQ   DNA     703,156  100,370,604       71    142.7      143  142  143  143        0  143   97.29   93.94  50.73
MT1_8_4_16S.2.fq.gz         FASTQ   DNA     703,156  100,549,604       71      143      143  143  143  143        0  143    96.8   92.94  50.77
MT1_8_5_16S.1.fq.gz         FASTQ   DNA     704,560  100,619,774      116    142.8      143  143  143  143        0  143    97.3    93.8  49.21
MT1_8_5_16S.2.fq.gz         FASTQ   DNA     704,560  100,750,295      116      143      143  143  143  143        0  143   96.73   92.78  50.15
MT1_8_WC_16S.1.fq.gz        FASTQ   DNA       1,136      162,139       92    142.7      143  143  143  143        0  143   96.21   92.32  49.61
MT1_8_WC_16S.2.fq.gz        FASTQ   DNA       1,136      161,982       92    142.6      143  143  143  143        0  143   80.47    70.6  49.79
MT1_9_1_16S.1.fq.gz         FASTQ   DNA     975,555  139,084,467      108    142.6      143  142  143  143        0  143   97.39   94.16  51.35
MT1_9_1_16S.2.fq.gz         FASTQ   DNA     975,555  139,499,953      108      143      143  143  143  143        0  143   96.61   92.62  50.32
MT1_9_2_16S.1.fq.gz         FASTQ   DNA     727,570  103,812,488      138    142.7      143  142  143  143        0  143   97.19   93.76  49.76
MT1_9_2_16S.2.fq.gz         FASTQ   DNA     727,570  104,037,582      137      143      143  143  143  143        0  143   96.75   92.76   48.6
MT1_9_3_16S.1.fq.gz         FASTQ   DNA     881,440  125,899,561      115    142.8      143  143  143  143        0  143   96.95   93.46  50.05
MT1_9_3_16S.2.fq.gz         FASTQ   DNA     881,440  126,043,146      115      143      143  143  143  143        0  143   97.16   93.68  50.32
MT1_9_4_16S.1.fq.gz         FASTQ   DNA     754,373  107,513,661      132    142.5      143  142  143  143        0  143   97.18   93.68  49.66
MT1_9_4_16S.2.fq.gz         FASTQ   DNA     754,373  107,872,547      137      143      143  143  143  143        0  143   97.01   93.32  50.24
MT1_9_5_16S.1.fq.gz         FASTQ   DNA     734,925  104,914,505      124    142.8      143  143  143  143        0  143   97.05   93.58  50.59
MT1_9_5_16S.2.fq.gz         FASTQ   DNA     734,925  105,091,660      124      143      143  143  143  143        0  143   96.88    93.1  49.76
MT1_9_WC_16S.1.fq.gz        FASTQ   DNA         761      108,652      140    142.8      143  143  143  143        0  143   96.02   92.13  49.52
MT1_9_WC_16S.2.fq.gz        FASTQ   DNA         761      108,808      141      143      143  143  143  143        0  143   94.35   89.74  50.87
MT1_BC_1_16S.1.fq.gz        FASTQ   DNA         879      125,516      141    142.8      143  143  143  143        0  143    96.2    92.2  49.49
MT1_BC_1_16S.2.fq.gz        FASTQ   DNA         879      125,666      141      143      143  143  143  143        0  143    95.2   90.58  51.02
MT1_BC_2_16S.1.fq.gz        FASTQ   DNA       3,001      428,579      139    142.8      143  143  143  143        0  143   96.67   92.97  49.36
MT1_BC_2_16S.2.fq.gz        FASTQ   DNA       3,001      427,713      139    142.5      143  142  143  143        0  143   79.74   69.43  49.45
MT1_BC_3_16S.1.fq.gz        FASTQ   DNA       1,347      192,365      140    142.8      143  143  143  143        0  143   96.24   92.46  49.55
MT1_BC_3_16S.2.fq.gz        FASTQ   DNA       1,347      192,554      141      143      143  143  143  143        0  143   95.09   90.62  50.71
MT1_BC_4_16S.1.fq.gz        FASTQ   DNA         878      125,445      141    142.9      143  143  143  143        0  143   95.48   91.38  49.22
MT1_BC_4_16S.2.fq.gz        FASTQ   DNA         878      125,546      142      143      143  143  143  143        0  143    93.7    88.6  50.14
MT1_EB_1_16S.1.fq.gz        FASTQ   DNA       3,401      485,764      140    142.8      143  143  143  143        0  143   96.67   92.82  49.52
MT1_EB_1_16S.2.fq.gz        FASTQ   DNA       3,401      486,178      141      143      143  143  143  143        0  143   95.59   91.15  50.81
MT1_EB_2_16S.1.fq.gz        FASTQ   DNA       2,036      290,792      138    142.8      143  143  143  143        0  143   96.28   92.44  49.19
MT1_EB_2_16S.2.fq.gz        FASTQ   DNA       2,036      291,043      141    142.9      143  143  143  143        0  143   95.14   90.52   50.8
MT1_EB_3_16S.1.fq.gz        FASTQ   DNA       3,871      553,045      138    142.9      143  143  143  143        0  143   96.33   92.57  49.61
MT1_EB_3_16S.2.fq.gz        FASTQ   DNA       3,871      553,317      141    142.9      143  143  143  143        0  143   95.26    90.8   50.7
MT1_EB_4_16S.1.fq.gz        FASTQ   DNA       1,391      198,719      137    142.9      143  143  143  143        0  143   95.54   91.54  49.01
MT1_EB_4_16S.2.fq.gz        FASTQ   DNA       1,391      198,897      141      143      143  143  143  143        0  143   94.17   89.42  50.13
NA_16S.1.fq.gz              FASTQ   DNA       7,237    1,033,300       78    142.8      143  143  143  143        0  143   96.47   92.88  50.48
NA_16S.2.fq.gz              FASTQ   DNA       7,237    1,034,728      140      143      143  143  143  143        0  143   95.71    91.5  50.69
NTC1_16S.1.fq.gz            FASTQ   DNA       7,748    1,107,137      109    142.9      143  143  143  143        0  143   95.42    91.5  49.45
NTC1_16S.2.fq.gz            FASTQ   DNA       7,748    1,107,861      109      143      143  143  143  143        0  143   94.12    89.3  49.97
NTC2_16S.1.fq.gz            FASTQ   DNA      16,787    2,397,301      132    142.8      143  143  143  143        0  143   95.53   91.45  49.87
NTC2_16S.2.fq.gz            FASTQ   DNA      16,787    2,399,706      139      143      143  143  143  143        0  143    94.6   89.92  51.09
NTC3_16S.1.fq.gz            FASTQ   DNA       2,670      381,503      137    142.9      143  143  143  143        0  143   95.77   91.87  48.94
NTC3_16S.2.fq.gz            FASTQ   DNA       2,670      381,790      141      143      143  143  143  143        0  143   94.18   89.39  49.62
RS1_CL_BC_16S.1.fq.gz       FASTQ   DNA      11,629    1,661,743      138    142.9      143  143  143  143        0  143    96.5   92.37  48.89
RS1_CL_BC_16S.2.fq.gz       FASTQ   DNA      11,629    1,660,926      138    142.8      143  143  143  143        0  143   75.69   63.79  49.34
RS1_CL_EB_16S.1.fq.gz       FASTQ   DNA     362,680   51,861,588       95      143      143  143  143  143        0  143   95.88   92.23  48.95
RS1_CL_EB_16S.2.fq.gz       FASTQ   DNA     362,680   51,861,187       95      143      143  143  143  143        0  143   96.52   92.33  47.67
RS1_CL_L1_1_16S.1.fq.gz     FASTQ   DNA     372,360   53,214,858       80    142.9      143  143  143  143        0  143   97.39   94.05  49.79
RS1_CL_L1_1_16S.2.fq.gz     FASTQ   DNA     372,360   53,232,773       80      143      143  143  143  143        0  143   96.74   92.91  51.38
RS1_CL_L1_2_16S.1.fq.gz     FASTQ   DNA     400,107   57,080,186       59    142.7      143  142  143  143        0  143    97.2   93.67  50.44
RS1_CL_L1_2_16S.2.fq.gz     FASTQ   DNA     400,107   57,204,081       59      143      143  143  143  143        0  143   96.83   92.99  51.37
RS1_CL_L1_3_16S.1.fq.gz     FASTQ   DNA     394,341   56,321,116       63    142.8      143  143  143  143        0  143   97.35   93.92  49.22
RS1_CL_L1_3_16S.2.fq.gz     FASTQ   DNA     394,341   56,350,926       63    142.9      143  143  143  143        0  143   96.47    92.4  50.78
RS1_CL_L1_4_16S.1.fq.gz     FASTQ   DNA     359,685   51,377,642      102    142.8      143  143  143  143        0  143   97.02   93.14  45.63
RS1_CL_L1_4_16S.2.fq.gz     FASTQ   DNA     359,685   51,429,702      102      143      143  143  143  143        0  143   96.37   92.34  49.27
RS1_CL_L1_5_16S.1.fq.gz     FASTQ   DNA     444,494   63,465,442       72    142.8      143  143  143  143        0  143    97.3   93.87  49.97
RS1_CL_L1_5_16S.2.fq.gz     FASTQ   DNA     444,494   63,544,735       72      143      143  143  143  143        0  143   96.38   92.28  50.57
RS1_CL_L1_WC_16S.1.fq.gz    FASTQ   DNA       1,019      145,511      139    142.8      143  143  143  143        0  143   95.23   91.17  49.79
RS1_CL_L1_WC_16S.2.fq.gz    FASTQ   DNA       1,019      145,694      141      143      143  143  143  143        0  143   93.96   89.16  50.15
RS1_CL_L2_1_16S.1.fq.gz     FASTQ   DNA     444,329   63,434,342       94    142.8      143  143  143  143        0  143   97.16   93.74  49.61
RS1_CL_L2_1_16S.2.fq.gz     FASTQ   DNA     444,329   63,534,721       94      143      143  143  143  143        0  143   97.24   93.81  51.39
RS1_CL_L2_2_16S.1.fq.gz     FASTQ   DNA     442,327   63,210,932       76    142.9      143  143  143  143        0  143   97.34   93.96  48.38
RS1_CL_L2_2_16S.2.fq.gz     FASTQ   DNA     442,327   63,246,153       76      143      143  143  143  143        0  143   97.34   93.98  50.66
RS1_CL_L2_3_16S.1.fq.gz     FASTQ   DNA     397,441   56,773,427       86    142.8      143  143  143  143        0  143   97.32    93.9   48.9
RS1_CL_L2_3_16S.2.fq.gz     FASTQ   DNA     397,441   56,820,064       86      143      143  143  143  143        0  143   97.13   93.56  50.43
RS1_CL_L2_4_16S.1.fq.gz     FASTQ   DNA     482,833   68,928,476       72    142.8      143  143  143  143        0  143   96.94   93.41  49.18
RS1_CL_L2_4_16S.2.fq.gz     FASTQ   DNA     482,833   69,036,305       72      143      143  143  143  143        0  143   96.31   92.23  51.08
RS1_CL_L2_5_16S.1.fq.gz     FASTQ   DNA     565,507   80,794,811       87    142.9      143  143  143  143        0  143   97.02   93.54  48.66
RS1_CL_L2_5_16S.2.fq.gz     FASTQ   DNA     565,507   80,861,293       87      143      143  143  143  143        0  143   97.04   93.45  50.92
RS1_CL_L2_WC_16S.1.fq.gz    FASTQ   DNA       3,532      504,241      112    142.8      143  143  143  143        0  143   96.21   92.39  50.06
RS1_CL_L2_WC_16S.2.fq.gz    FASTQ   DNA       3,532      504,857      112    142.9      143  143  143  143        0  143   94.84   90.04  50.49
RS1_CL_L3_1_16S.1.fq.gz     FASTQ   DNA     655,267   93,621,295       35    142.9      143  143  143  143        0  143   97.05   93.55  48.68
RS1_CL_L3_1_16S.2.fq.gz     FASTQ   DNA     655,267   93,683,045       64      143      143  143  143  143        0  143   96.29   92.07  50.45
RS1_CL_L3_2_16S.1.fq.gz     FASTQ   DNA     723,028  103,135,499       86    142.6      143  142  143  143        0  143   96.64   93.01  49.85
RS1_CL_L3_2_16S.2.fq.gz     FASTQ   DNA     723,028  103,369,716       86      143      143  143  143  143        0  143   96.39   92.37  50.41
RS1_CL_L3_3_16S.1.fq.gz     FASTQ   DNA     637,841   91,116,654       77    142.9      143  143  143  143        0  143   96.91   93.29  49.03
RS1_CL_L3_3_16S.2.fq.gz     FASTQ   DNA     637,841   91,197,142       77      143      143  143  143  143        0  143   96.18   91.97  49.61
RS1_CL_L3_4_16S.1.fq.gz     FASTQ   DNA     534,901   76,419,953       92    142.9      143  143  143  143        0  143   96.95   93.39  49.26
RS1_CL_L3_4_16S.2.fq.gz     FASTQ   DNA     534,901   76,480,810       92      143      143  143  143  143        0  143   96.47   92.49  50.78
RS1_CL_L3_5_16S.1.fq.gz     FASTQ   DNA     634,710   90,712,799       35    142.9      143  143  143  143        0  143    96.6   92.87  49.45
RS1_CL_L3_5_16S.2.fq.gz     FASTQ   DNA     634,710   90,759,285       35      143      143  143  143  143        0  143    96.5   92.58   49.7
RS1_CL_L3_WC_16S.1.fq.gz    FASTQ   DNA       1,252      178,768       97    142.8      143  143  143  143        0  143   95.69   91.72  49.87
RS1_CL_L3_WC_16S.2.fq.gz    FASTQ   DNA       1,252      178,962       97    142.9      143  143  143  143        0  143    94.5   89.67  50.83
RS1_CL_S1_1_16S.1.fq.gz     FASTQ   DNA     654,215   93,508,980       37    142.9      143  143  143  143        0  143   95.81   92.11  49.56
RS1_CL_S1_1_16S.2.fq.gz     FASTQ   DNA     654,215   93,550,067       37      143      143  143  143  143        0  143   96.55   92.63  50.89
RS1_CL_S1_2_16S.1.fq.gz     FASTQ   DNA     913,663  130,517,900       61    142.9      143  143  143  143        0  143   96.47   93.13  49.89
RS1_CL_S1_2_16S.2.fq.gz     FASTQ   DNA     913,663  130,649,008       61      143      143  143  143  143        0  143   96.68   92.73  50.77
RS1_CL_S1_3_16S.1.fq.gz     FASTQ   DNA     754,993  107,940,104       61      143      143  143  143  143        0  143   96.22   92.77  50.13
RS1_CL_S1_3_16S.2.fq.gz     FASTQ   DNA     754,993  107,954,103       61      143      143  143  143  143        0  143   96.71   92.76  51.11
RS1_CL_S1_4_16S.1.fq.gz     FASTQ   DNA     815,451  116,545,231       61    142.9      143  143  143  143        0  143   97.18   93.84  49.95
RS1_CL_S1_4_16S.2.fq.gz     FASTQ   DNA     815,451  116,602,849       61      143      143  143  143  143        0  143   96.55   92.47  51.05
RS1_CL_S1_5_16S.1.fq.gz     FASTQ   DNA     979,722  139,946,029       89    142.8      143  143  143  143        0  143   96.57   93.25  49.97
RS1_CL_S1_5_16S.2.fq.gz     FASTQ   DNA     979,722  140,097,037       90      143      143  143  143  143        0  143   96.95   93.22  50.69
RS1_CL_S1_WC_16S.1.fq.gz    FASTQ   DNA       5,761      822,905      136    142.8      143  143  143  143        0  143   96.54    92.8  50.56
RS1_CL_S1_WC_16S.2.fq.gz    FASTQ   DNA       5,761      823,747      136      143      143  143  143  143        0  143   95.47   90.97  50.89
RS1_CL_S2_1_16S.1.fq.gz     FASTQ   DNA     681,118   97,371,569       49      143      143  143  143  143        0  143   97.45   94.33  51.36
RS1_CL_S2_1_16S.2.fq.gz     FASTQ   DNA     681,118   97,398,086       49      143      143  143  143  143        0  143   96.76   92.79  50.41
RS1_CL_S2_2_16S.1.fq.gz     FASTQ   DNA     658,526   94,158,133       65      143      143  143  143  143        0  143    97.7   94.65  51.58
RS1_CL_S2_2_16S.2.fq.gz     FASTQ   DNA     658,526   94,168,082       65      143      143  143  143  143        0  143   96.85   92.92  50.11
RS1_CL_S2_3_16S.1.fq.gz     FASTQ   DNA     683,802   97,767,576       66      143      143  143  143  143        0  143   97.57   94.48  51.09
RS1_CL_S2_3_16S.2.fq.gz     FASTQ   DNA     683,802   97,782,166       66      143      143  143  143  143        0  143   96.93   93.12   50.2
RS1_CL_S2_4_16S.1.fq.gz     FASTQ   DNA     623,050   89,084,298      122      143      143  143  143  143        0  143   97.67   94.62  51.01
RS1_CL_S2_4_16S.2.fq.gz     FASTQ   DNA     623,050   89,095,043      122      143      143  143  143  143        0  143   96.95   93.12  50.48
RS1_CL_S2_5_16S.1.fq.gz     FASTQ   DNA     957,271  136,839,960       64    142.9      143  143  143  143        0  143   97.46    94.2  51.54
RS1_CL_S2_5_16S.2.fq.gz     FASTQ   DNA     957,271  136,886,729       64      143      143  143  143  143        0  143   96.41   92.25  50.07
RS1_CL_S2_WC_16S.1.fq.gz    FASTQ   DNA     556,850   79,107,612      105    142.1      143  142  142  142        0  142   96.58   92.33  46.59
RS1_CL_S2_WC_16S.2.fq.gz    FASTQ   DNA     556,850   79,620,875      105      143      143  143  143  143        0  143   71.83   58.25  47.47
RS1_CL_S3_1_16S.1.fq.gz     FASTQ   DNA     702,706  100,423,353       77    142.9      143  143  143  143        0  143   97.22   93.79  49.16
RS1_CL_S3_1_16S.2.fq.gz     FASTQ   DNA     702,706  100,484,415       77      143      143  143  143  143        0  143   96.73   92.84  50.78
RS1_CL_S3_2_16S.1.fq.gz     FASTQ   DNA   1,011,396  144,580,402       61      143      143  143  143  143        0  143   97.53   94.27  50.49
RS1_CL_S3_2_16S.2.fq.gz     FASTQ   DNA   1,011,396  144,625,482       61      143      143  143  143  143        0  143   96.66    92.7  50.81
RS1_CL_S3_3_16S.1.fq.gz     FASTQ   DNA   1,203,919  172,105,149       64      143      143  143  143  143        0  143   97.02   93.52  48.67
RS1_CL_S3_3_16S.2.fq.gz     FASTQ   DNA   1,203,919  172,135,927       64      143      143  143  143  143        0  143   96.74   92.93  50.88
RS1_CL_S3_4_16S.1.fq.gz     FASTQ   DNA     995,908  142,313,127       51    142.9      143  143  143  143        0  143    97.3   93.84  48.95
RS1_CL_S3_4_16S.2.fq.gz     FASTQ   DNA     995,908  142,408,919       84      143      143  143  143  143        0  143   96.65    92.7  50.67
RS1_CL_S3_5_16S.1.fq.gz     FASTQ   DNA     818,890  117,034,630       64    142.9      143  143  143  143        0  143   97.13   93.68  49.27
RS1_CL_S3_5_16S.2.fq.gz     FASTQ   DNA     818,890  117,096,593       64      143      143  143  143  143        0  143   96.74   92.88  50.73
RS1_CL_S3_WC_16S.1.fq.gz    FASTQ   DNA       2,620      374,085      139    142.8      143  143  143  143        0  143   95.39   91.38  49.79
RS1_CL_S3_WC_16S.2.fq.gz    FASTQ   DNA       2,620      374,612      141      143      143  143  143  143        0  143   94.36   89.55  50.54
RS1_CL_S4_1_16S.1.fq.gz     FASTQ   DNA   1,100,932  157,357,803       27    142.9      143  143  143  143        0  143   97.07   93.65  48.86
RS1_CL_S4_1_16S.2.fq.gz     FASTQ   DNA   1,100,932  157,428,396       27      143      143  143  143  143        0  143   96.82   93.02  50.55
RS1_CL_S4_2_16S.1.fq.gz     FASTQ   DNA     707,163  101,060,730       83    142.9      143  143  143  143        0  143    97.2   93.85  49.43
RS1_CL_S4_2_16S.2.fq.gz     FASTQ   DNA     707,163  101,120,537       83      143      143  143  143  143        0  143   96.79   92.94  50.96
RS1_CL_S4_3_16S.1.fq.gz     FASTQ   DNA   1,042,912  149,074,801       63    142.9      143  143  143  143        0  143   97.08    93.6  48.62
RS1_CL_S4_3_16S.2.fq.gz     FASTQ   DNA   1,042,912  149,128,861       63      143      143  143  143  143        0  143   96.34   92.23  50.65
RS1_CL_S4_4_16S.1.fq.gz     FASTQ   DNA     864,048  123,520,059      100      143      143  143  143  143        0  143   97.13   93.68  49.03
RS1_CL_S4_4_16S.2.fq.gz     FASTQ   DNA     864,048  123,552,865      100      143      143  143  143  143        0  143   96.54   92.57  50.79
RS1_CL_S4_5_16S.1.fq.gz     FASTQ   DNA     992,763  141,916,473       72      143      143  143  143  143        0  143   97.31   93.87  48.78
RS1_CL_S4_5_16S.2.fq.gz     FASTQ   DNA     992,763  141,960,015       33      143      143  143  143  143        0  143   96.16   91.89  50.79
RS1_CL_S4_WC_16S.1.fq.gz    FASTQ   DNA       1,641      234,143       56    142.7      143  143  143  143        0  143   95.16   91.07  49.94
RS1_CL_S4_WC_16S.2.fq.gz    FASTQ   DNA       1,641      234,479       56    142.9      143  143  143  143        0  143   93.92   88.96  50.22
RS1_IM_BC_16S.1.fq.gz       FASTQ   DNA      10,960    1,566,052       54    142.9      143  143  143  143        0  143   96.19   91.69  49.07
RS1_IM_BC_16S.2.fq.gz       FASTQ   DNA      10,960    1,566,923       54      143      143  143  143  143        0  143   96.02   91.73  52.12
RS1_IM_EB_16S.1.fq.gz       FASTQ   DNA      28,298    4,043,798      122    142.9      143  143  143  143        0  143   96.35   92.02  49.71
RS1_IM_EB_16S.2.fq.gz       FASTQ   DNA      28,298    4,046,317      122      143      143  143  143  143        0  143   96.07   91.86  51.19
RS1_IM_L1_1_16S.1.fq.gz     FASTQ   DNA   1,097,090  156,814,893       72    142.9      143  143  143  143        0  143      97   93.39   48.5
RS1_IM_L1_1_16S.2.fq.gz     FASTQ   DNA   1,097,090  156,874,456       72      143      143  143  143  143        0  143   96.43   92.41  50.71
RS1_IM_L1_2_16S.1.fq.gz     FASTQ   DNA     959,541  137,154,685       87    142.9      143  143  143  143        0  143   97.07   93.53  49.38
RS1_IM_L1_2_16S.2.fq.gz     FASTQ   DNA     959,541  137,209,943       87      143      143  143  143  143        0  143   96.41   92.39  50.88
RS1_IM_L1_3_16S.1.fq.gz     FASTQ   DNA   1,027,431  146,821,381       87    142.9      143  143  143  143        0  143   97.05   93.51  49.13
RS1_IM_L1_3_16S.2.fq.gz     FASTQ   DNA   1,027,431  146,914,278       87      143      143  143  143  143        0  143   96.48   92.45  50.55
RS1_IM_L1_4_16S.1.fq.gz     FASTQ   DNA     949,114  135,634,113       60    142.9      143  143  143  143        0  143   96.87   93.13  48.77
RS1_IM_L1_4_16S.2.fq.gz     FASTQ   DNA     949,114  135,717,487       60      143      143  143  143  143        0  143   96.47   92.44  50.42
RS1_IM_L1_5_16S.1.fq.gz     FASTQ   DNA     904,789  129,277,349       86    142.9      143  143  143  143        0  143   97.04   93.48  49.47
RS1_IM_L1_5_16S.2.fq.gz     FASTQ   DNA     904,789  129,381,090       86      143      143  143  143  143        0  143   96.66   92.77  51.06
RS1_IM_L1_WC_16S.1.fq.gz    FASTQ   DNA       5,218      744,939       72    142.8      143  143  143  143        0  143   95.62    91.6     50
RS1_IM_L1_WC_16S.2.fq.gz    FASTQ   DNA       5,218      745,896       72    142.9      143  143  143  143        0  143   94.35   89.56  50.32
RS1_IM_L2_1_16S.1.fq.gz     FASTQ   DNA     665,395   95,026,803       77    142.8      143  143  143  143        0  143   97.34   93.92  49.17
RS1_IM_L2_1_16S.2.fq.gz     FASTQ   DNA     665,395   95,125,298       77      143      143  143  143  143        0  143   96.48   92.51  50.82
RS1_IM_L2_2_16S.1.fq.gz     FASTQ   DNA     389,603   55,689,996       72    142.9      143  143  143  143        0  143   97.13   93.71  52.18
RS1_IM_L2_2_16S.2.fq.gz     FASTQ   DNA     389,603   55,706,506       74      143      143  143  143  143        0  143   96.28   92.09  51.09
RS1_IM_L2_3_16S.1.fq.gz     FASTQ   DNA     543,553   77,640,325       64    142.8      143  143  143  143        0  143   97.32    93.9  49.59
RS1_IM_L2_3_16S.2.fq.gz     FASTQ   DNA     543,553   77,710,552       64      143      143  143  143  143        0  143   96.34    92.2   50.8
RS1_IM_L2_4_16S.1.fq.gz     FASTQ   DNA     533,465   76,244,796       77    142.9      143  143  143  143        0  143   97.37      94  49.11
RS1_IM_L2_4_16S.2.fq.gz     FASTQ   DNA     533,465   76,270,987       77      143      143  143  143  143        0  143   96.53   92.59   50.4
RS1_IM_L2_5_16S.1.fq.gz     FASTQ   DNA     557,919   79,716,257       74    142.9      143  143  143  143        0  143   97.21   93.73  49.84
RS1_IM_L2_5_16S.2.fq.gz     FASTQ   DNA     557,919   79,758,950       74      143      143  143  143  143        0  143    96.3   92.17  51.14
RS1_IM_L2_WC_16S.1.fq.gz    FASTQ   DNA         764      109,123      114    142.8      143  143  143  143        0  143   95.65   91.89  48.91
RS1_IM_L2_WC_16S.2.fq.gz    FASTQ   DNA         764      109,215      114      143      143  143  143  143        0  143   94.66   90.27  50.44
RS1_IM_L3_1_16S.1.fq.gz     FASTQ   DNA     459,148   65,644,518       76      143      143  143  143  143        0  143   97.55   94.34  47.96
RS1_IM_L3_1_16S.2.fq.gz     FASTQ   DNA     459,148   65,654,765       76      143      143  143  143  143        0  143   96.66   92.76  50.61
RS1_IM_L3_2_16S.1.fq.gz     FASTQ   DNA     487,933   69,741,062       64    142.9      143  143  143  143        0  143   97.22   93.73   49.1
RS1_IM_L3_2_16S.2.fq.gz     FASTQ   DNA     487,933   69,730,488       64    142.9      143  143  143  143        0  143   96.52   92.56  50.52
RS1_IM_L3_3_16S.1.fq.gz     FASTQ   DNA     524,436   74,963,628       72    142.9      143  143  143  143        0  143   97.24   93.73  48.41
RS1_IM_L3_3_16S.2.fq.gz     FASTQ   DNA     524,436   74,982,769       72      143      143  143  143  143        0  143   96.78   92.98  50.68
RS1_IM_L3_4_16S.1.fq.gz     FASTQ   DNA     955,454  136,534,763       76    142.9      143  143  143  143        0  143   97.24   93.85  49.17
RS1_IM_L3_4_16S.2.fq.gz     FASTQ   DNA     955,454  136,606,411       76      143      143  143  143  143        0  143   96.48   92.49  50.92
RS1_IM_L3_5_16S.1.fq.gz     FASTQ   DNA     810,394  115,835,326       67    142.9      143  143  143  143        0  143   97.18   93.73  50.07
RS1_IM_L3_5_16S.2.fq.gz     FASTQ   DNA     810,394  115,869,482       79      143      143  143  143  143        0  143   96.52   92.52  52.09
RS1_IM_L3_WC_16S.1.fq.gz    FASTQ   DNA       2,464      351,648       27    142.7      143  143  143  143        0  143   96.13   92.26  49.24
RS1_IM_L3_WC_16S.2.fq.gz    FASTQ   DNA       2,464      352,046       27    142.9      143  143  143  143        0  143   94.81   90.15  50.48
RS1_IM_S1_1_16S.1.fq.gz     FASTQ   DNA   1,083,058  154,767,713       37    142.9      143  143  143  143        0  143   97.25   93.89  51.12
RS1_IM_S1_1_16S.2.fq.gz     FASTQ   DNA   1,083,058  154,873,042       37      143      143  143  143  143        0  143   96.18   91.88  50.37
RS1_IM_S1_2_16S.1.fq.gz     FASTQ   DNA   1,006,482  143,789,183       70    142.9      143  143  143  143        0  143   96.89   93.39  50.26
RS1_IM_S1_2_16S.2.fq.gz     FASTQ   DNA   1,006,482  143,922,438       70      143      143  143  143  143        0  143   96.45   92.43  50.32
RS1_IM_S1_3_16S.1.fq.gz     FASTQ   DNA   1,203,637  171,843,549       81    142.8      143  143  143  143        0  143   96.97   93.41  50.25
RS1_IM_S1_3_16S.2.fq.gz     FASTQ   DNA   1,203,637  172,115,433       81      143      143  143  143  143        0  143   96.37   92.18  49.78
RS1_IM_S1_4_16S.1.fq.gz     FASTQ   DNA   1,194,552  170,630,178       64    142.8      143  143  143  143        0  143   96.89   93.35   50.3
RS1_IM_S1_4_16S.2.fq.gz     FASTQ   DNA   1,194,552  170,813,487       64      143      143  143  143  143        0  143   96.52   92.49  50.14
RS1_IM_S1_5_16S.1.fq.gz     FASTQ   DNA   1,100,036  157,190,135       93    142.9      143  143  143  143        0  143   96.88   93.44   51.5
RS1_IM_S1_5_16S.2.fq.gz     FASTQ   DNA   1,100,036  157,301,517       93      143      143  143  143  143        0  143   96.14    91.9   51.5
RS1_IM_S1_WC_16S.1.fq.gz    FASTQ   DNA         876      125,110      110    142.8      143  143  143  143        0  143   95.64   91.79  49.13
RS1_IM_S1_WC_16S.2.fq.gz    FASTQ   DNA         876      125,218      110    142.9      143  143  143  143        0  143   94.48   89.77  50.82
RS1_IM_S2_1_16S.1.fq.gz     FASTQ   DNA   1,123,802  160,561,428       95    142.9      143  143  143  143        0  143   96.35   92.87  50.33
RS1_IM_S2_1_16S.2.fq.gz     FASTQ   DNA   1,123,802  160,700,734       95      143      143  143  143  143        0  143   96.45   92.37  50.76
RS1_IM_S2_2_16S.1.fq.gz     FASTQ   DNA     919,109  131,350,236      107    142.9      143  143  143  143        0  143   97.18   94.02  50.65
RS1_IM_S2_2_16S.2.fq.gz     FASTQ   DNA     919,109  131,429,978      107      143      143  143  143  143        0  143    96.7   92.72  51.35
RS1_IM_S2_3_16S.1.fq.gz     FASTQ   DNA     744,200  106,228,539      104    142.7      143  142  143  143        0  143   96.99    93.6  49.66
RS1_IM_S2_3_16S.2.fq.gz     FASTQ   DNA     744,200  106,419,052      104      143      143  143  143  143        0  143   96.94   93.12  49.79
RS1_IM_S2_4_16S.1.fq.gz     FASTQ   DNA     977,321  139,624,252       83    142.9      143  143  143  143        0  143   97.32      94  50.32
RS1_IM_S2_4_16S.2.fq.gz     FASTQ   DNA     977,321  139,754,515       83      143      143  143  143  143        0  143   96.65   92.61  50.68
RS1_IM_S2_5_16S.1.fq.gz     FASTQ   DNA   1,202,181  171,665,522       84    142.8      143  143  143  143        0  143      97   93.73  48.98
RS1_IM_S2_5_16S.2.fq.gz     FASTQ   DNA   1,202,181  171,908,311       84      143      143  143  143  143        0  143   96.86   93.05  49.89
RS1_IM_S2_WC_16S.1.fq.gz    FASTQ   DNA       3,024      431,871       63    142.8      143  143  143  143        0  143   96.59      93  49.11
RS1_IM_S2_WC_16S.2.fq.gz    FASTQ   DNA       3,024      432,291       63      143      143  143  143  143        0  143   95.49   91.21  50.56
RS1_IM_S3_1_16S.1.fq.gz     FASTQ   DNA     515,925   73,741,316       65    142.9      143  143  143  143        0  143   97.78   94.69  48.28
RS1_IM_S3_1_16S.2.fq.gz     FASTQ   DNA     515,925   73,775,425       65      143      143  143  143  143        0  143   96.98   93.26  50.74
RS1_IM_S3_2_16S.1.fq.gz     FASTQ   DNA     578,250   82,669,110       81      143      143  143  143  143        0  143   97.76   94.69  48.18
RS1_IM_S3_2_16S.2.fq.gz     FASTQ   DNA     578,250   82,686,815       81      143      143  143  143  143        0  143   97.04   93.36  50.53
RS1_IM_S3_3_16S.1.fq.gz     FASTQ   DNA     895,407  128,036,690      114      143      143  143  143  143        0  143   97.51   94.22  50.32
RS1_IM_S3_3_16S.2.fq.gz     FASTQ   DNA     895,407  128,042,301      115      143      143  143  143  143        0  143   96.55   92.66  50.31
RS1_IM_S3_4_16S.1.fq.gz     FASTQ   DNA     724,239  103,550,910       83      143      143  143  143  143        0  143   97.73   94.54  48.22
RS1_IM_S3_4_16S.2.fq.gz     FASTQ   DNA     724,239  103,563,874       83      143      143  143  143  143        0  143   97.15    93.6  50.92
RS1_IM_S3_5_16S.1.fq.gz     FASTQ   DNA     724,665  103,611,748       89      143      143  143  143  143        0  143   97.36   93.89     48
RS1_IM_S3_5_16S.2.fq.gz     FASTQ   DNA     724,665  103,625,150       89      143      143  143  143  143        0  143   96.73    92.9  50.67
RS1_IM_S3_WC_16S.1.fq.gz    FASTQ   DNA       2,531      361,467       64    142.8      143  143  143  143        0  143   96.58   92.89  48.87
RS1_IM_S3_WC_16S.2.fq.gz    FASTQ   DNA       2,531      360,775       64    142.5      143  143  143  143        0  143   80.72   70.87  49.36
RS1_IM_S4_1_16S.1.fq.gz     FASTQ   DNA     893,112  127,692,298      112      143      143  143  143  143        0  143   97.21   93.59  48.06
RS1_IM_S4_1_16S.2.fq.gz     FASTQ   DNA     893,112  127,712,886      112      143      143  143  143  143        0  143   97.04   93.49     51
RS1_IM_S4_2_16S.1.fq.gz     FASTQ   DNA     891,223  127,426,033       91      143      143  143  143  143        0  143   97.26   93.66  48.29
RS1_IM_S4_2_16S.2.fq.gz     FASTQ   DNA     891,223  127,442,881       91      143      143  143  143  143        0  143   96.97   93.31  51.07
RS1_IM_S4_3_16S.1.fq.gz     FASTQ   DNA     766,296  109,559,071       82      143      143  143  143  143        0  143   97.63   94.38  48.33
RS1_IM_S4_3_16S.2.fq.gz     FASTQ   DNA     766,296  109,578,395       82      143      143  143  143  143        0  143   97.17   93.68  50.71
RS1_IM_S4_4_16S.1.fq.gz     FASTQ   DNA     848,974  121,374,872      104      143      143  143  143  143        0  143    97.2   93.62  48.36
RS1_IM_S4_4_16S.2.fq.gz     FASTQ   DNA     848,974  121,400,870      114      143      143  143  143  143        0  143   96.83   93.09  50.99
RS1_IM_S4_5_16S.1.fq.gz     FASTQ   DNA     977,174  139,697,951       69      143      143  143  143  143        0  143   97.21   93.63   48.2
RS1_IM_S4_5_16S.2.fq.gz     FASTQ   DNA     977,174  139,733,605       69      143      143  143  143  143        0  143   97.05   93.49  50.74
RS1_IM_S4_WC_16S.1.fq.gz    FASTQ   DNA       1,922      274,588      139    142.9      143  143  143  143        0  143    95.6   91.61  48.89
RS1_IM_S4_WC_16S.2.fq.gz    FASTQ   DNA       1,922      274,822      141      143      143  143  143  143        0  143   94.45   89.82  50.45
RS1_ME_BC_16S.1.fq.gz       FASTQ   DNA         699       99,863      141    142.9      143  143  143  143        0  143   96.36   92.44  49.01
RS1_ME_BC_16S.2.fq.gz       FASTQ   DNA         699       99,925      141      143      143  143  143  143        0  143   95.52   91.22  50.74
RS1_ME_EB_16S.1.fq.gz       FASTQ   DNA       2,470      352,728      110    142.8      143  143  143  143        0  143   96.55   92.76   49.4
RS1_ME_EB_16S.2.fq.gz       FASTQ   DNA       2,470      353,016      112    142.9      143  143  143  143        0  143   95.04   90.41  50.68
RS1_ME_L1_1_16S.1.fq.gz     FASTQ   DNA     670,087   95,645,345       83    142.7      143  142  143  143        0  143   97.07    93.5  49.66
RS1_ME_L1_1_16S.2.fq.gz     FASTQ   DNA     670,087   95,820,571       83      143      143  143  143  143        0  143   96.39   92.31  52.59
RS1_ME_L1_2_16S.1.fq.gz     FASTQ   DNA     737,585  105,404,550       73    142.9      143  143  143  143        0  143   97.07   93.45   48.2
RS1_ME_L1_2_16S.2.fq.gz     FASTQ   DNA     737,585  105,471,203       73      143      143  143  143  143        0  143   96.93   93.27  50.53
RS1_ME_L1_3_16S.1.fq.gz     FASTQ   DNA     448,081   63,957,870      103    142.7      143  142  143  143        0  143   97.17    93.7  48.34
RS1_ME_L1_3_16S.2.fq.gz     FASTQ   DNA     448,081   64,072,477      103      143      143  143  143  143        0  143   96.52   92.52  49.66
RS1_ME_L1_4_16S.1.fq.gz     FASTQ   DNA     251,449   35,903,551      139    142.8      143  143  143  143        0  143   97.27   93.99  50.44
RS1_ME_L1_4_16S.2.fq.gz     FASTQ   DNA     251,449   35,956,524      139      143      143  143  143  143        0  143   96.32    92.2  50.52
RS1_ME_L1_5_16S.1.fq.gz     FASTQ   DNA     328,568   46,885,622      103    142.7      143  142  143  143        0  143   97.06   93.33  48.44
RS1_ME_L1_5_16S.2.fq.gz     FASTQ   DNA     328,568   46,983,487      103      143      143  143  143  143        0  143   96.41   92.36  51.47
RS1_ME_L1_WC_16S.1.fq.gz    FASTQ   DNA       1,284      183,175       56    142.7      143  143  143  143        0  143   95.19   91.14   49.2
RS1_ME_L1_WC_16S.2.fq.gz    FASTQ   DNA       1,284      183,352       56    142.8      143  143  143  143        0  143      94   89.21  50.39
RS1_ME_L2_1_16S.1.fq.gz     FASTQ   DNA     326,377   46,626,200       83    142.9      143  143  143  143        0  143   97.34   93.94  48.83
RS1_ME_L2_1_16S.2.fq.gz     FASTQ   DNA     326,377   46,667,060       83      143      143  143  143  143        0  143    96.3   92.17  52.32
RS1_ME_L2_2_16S.1.fq.gz     FASTQ   DNA     274,571   39,240,942       87    142.9      143  143  143  143        0  143   97.37   93.79  50.26
RS1_ME_L2_2_16S.2.fq.gz     FASTQ   DNA     274,571   39,250,930       87      143      143  143  143  143        0  143   96.98   93.32  50.62
RS1_ME_L2_3_16S.1.fq.gz     FASTQ   DNA     425,347   60,761,358       82    142.9      143  143  143  143        0  143    97.3   93.93  48.52
RS1_ME_L2_3_16S.2.fq.gz     FASTQ   DNA     425,347   60,820,151       82      143      143  143  143  143        0  143   96.63   92.66   51.1
RS1_ME_L2_4_16S.1.fq.gz     FASTQ   DNA     409,354   58,417,991       35    142.7      143  142  143  143        0  143    97.3   93.87  49.95
RS1_ME_L2_4_16S.2.fq.gz     FASTQ   DNA     409,354   58,536,276       35      143      143  143  143  143        0  143    96.5   92.58  51.15
RS1_ME_L2_5_16S.1.fq.gz     FASTQ   DNA     343,089   48,981,470       88    142.8      143  143  143  143        0  143    97.1   93.39  49.72
RS1_ME_L2_5_16S.2.fq.gz     FASTQ   DNA     343,089   49,058,981       88      143      143  143  143  143        0  143   96.74    92.8  50.68
RS1_ME_L2_WC_16S.1.fq.gz    FASTQ   DNA       3,678      525,477      140    142.9      143  143  143  143        0  143   95.93   92.19  49.08
RS1_ME_L2_WC_16S.2.fq.gz    FASTQ   DNA       3,678      525,903      141      143      143  143  143  143        0  143    94.8   90.26  50.28
RS1_ME_L3_1_16S.1.fq.gz     FASTQ   DNA   1,030,986  147,373,297       64    142.9      143  143  143  143        0  143   97.55   94.31   49.9
RS1_ME_L3_1_16S.2.fq.gz     FASTQ   DNA   1,030,986  147,426,551       64      143      143  143  143  143        0  143   96.86   93.09  52.28
RS1_ME_L3_2_16S.1.fq.gz     FASTQ   DNA     869,036  124,104,091       68    142.8      143  143  143  143        0  143   97.34   94.04  50.47
RS1_ME_L3_2_16S.2.fq.gz     FASTQ   DNA     869,036  124,270,083       71      143      143  143  143  143        0  143   96.78   92.91  51.22
RS1_ME_L3_3_16S.1.fq.gz     FASTQ   DNA     820,366  117,242,373      125    142.9      143  143  143  143        0  143   97.63   94.44  48.48
RS1_ME_L3_3_16S.2.fq.gz     FASTQ   DNA     820,366  117,309,930      125      143      143  143  143  143        0  143   97.11   93.47  50.03
RS1_ME_L3_4_16S.1.fq.gz     FASTQ   DNA     703,013  100,481,186       91    142.9      143  143  143  143        0  143   97.52   94.33  49.34
RS1_ME_L3_4_16S.2.fq.gz     FASTQ   DNA     703,013  100,481,038       91    142.9      143  143  143  143        0  143   96.65   92.75  51.29
RS1_ME_L3_5_16S.1.fq.gz     FASTQ   DNA     992,690  141,822,651       91    142.9      143  143  143  143        0  143   97.39   94.08  48.67
RS1_ME_L3_5_16S.2.fq.gz     FASTQ   DNA     992,690  141,891,731       91    142.9      143  143  143  143        0  143      97   93.28  50.45
RS1_ME_L3_WC_16S.1.fq.gz    FASTQ   DNA       1,073      153,319      141    142.9      143  143  143  143        0  143   95.97   92.07  48.61
RS1_ME_L3_WC_16S.2.fq.gz    FASTQ   DNA       1,073      153,436      141      143      143  143  143  143        0  143   95.42   91.43  50.79
RS1_ME_S1_1_16S.1.fq.gz     FASTQ   DNA     717,323  102,569,998       64      143      143  143  143  143        0  143   97.97   95.07   47.4
RS1_ME_S1_1_16S.2.fq.gz     FASTQ   DNA     717,323  102,575,940       64      143      143  143  143  143        0  143   97.18   93.57  49.86
RS1_ME_S1_2_16S.1.fq.gz     FASTQ   DNA     990,146  141,584,725      102      143      143  143  143  143        0  143    97.9   94.92  49.57
RS1_ME_S1_2_16S.2.fq.gz     FASTQ   DNA     990,146  141,588,906      102      143      143  143  143  143        0  143   96.73   92.78  49.97
RS1_ME_S1_3_16S.1.fq.gz     FASTQ   DNA     962,371  137,604,678       90      143      143  143  143  143        0  143   97.77    94.7   49.4
RS1_ME_S1_3_16S.2.fq.gz     FASTQ   DNA     962,371  137,616,720       90      143      143  143  143  143        0  143   96.54   92.43  50.35
RS1_ME_S1_4_16S.1.fq.gz     FASTQ   DNA     926,731  132,517,408      111      143      143  143  143  143        0  143   97.77   94.49  48.42
RS1_ME_S1_4_16S.2.fq.gz     FASTQ   DNA     926,731  132,520,555      111      143      143  143  143  143        0  143   96.89   93.15  50.56
RS1_ME_S1_5_16S.1.fq.gz     FASTQ   DNA     509,727   72,885,430      120      143      143  143  143  143        0  143   97.75   94.67  49.75
RS1_ME_S1_5_16S.2.fq.gz     FASTQ   DNA     509,727   72,889,689      120      143      143  143  143  143        0  143   96.25   91.88  51.16
RS1_ME_S1_WC_16S.1.fq.gz    FASTQ   DNA       3,196      456,401       73    142.8      143  143  143  143        0  143   96.23   92.29  48.83
RS1_ME_S1_WC_16S.2.fq.gz    FASTQ   DNA       3,196      456,859      113    142.9      143  143  143  143        0  143   95.14   90.63  50.75
RS1_ME_S2_1_16S.1.fq.gz     FASTQ   DNA     957,393  136,872,268       64      143      143  143  143  143        0  143   97.18   93.85  49.84
RS1_ME_S2_1_16S.2.fq.gz     FASTQ   DNA     957,393  136,905,098       64      143      143  143  143  143        0  143   96.39   92.19  50.52
RS1_ME_S2_2_16S.1.fq.gz     FASTQ   DNA     857,813  122,569,732       64    142.9      143  143  143  143        0  143   97.29   94.09  50.62
RS1_ME_S2_2_16S.2.fq.gz     FASTQ   DNA     857,813  122,665,129       64      143      143  143  143  143        0  143   96.76   92.88  49.79
RS1_ME_S2_3_16S.1.fq.gz     FASTQ   DNA     806,327  115,266,982       50      143      143  143  143  143        0  143   97.26   94.03  51.24
RS1_ME_S2_3_16S.2.fq.gz     FASTQ   DNA     806,327  115,303,229       50      143      143  143  143  143        0  143   96.73   92.72   49.9
RS1_ME_S2_4_16S.1.fq.gz     FASTQ   DNA     965,056  137,944,273       64    142.9      143  143  143  143        0  143   97.21   93.94  49.96
RS1_ME_S2_4_16S.2.fq.gz     FASTQ   DNA     965,056  138,001,286       64      143      143  143  143  143        0  143   96.63   92.58  49.75
RS1_ME_S2_5_16S.1.fq.gz     FASTQ   DNA     783,513  111,916,791       64    142.8      143  143  143  143        0  143    97.6   94.49  50.53
RS1_ME_S2_5_16S.2.fq.gz     FASTQ   DNA     783,513  112,040,622       64      143      143  143  143  143        0  143   96.67    92.7  49.84
RS1_ME_S2_WC_16S.1.fq.gz    FASTQ   DNA       1,131      161,603      140    142.9      143  143  143  143        0  143   95.73    91.8  48.72
RS1_ME_S2_WC_16S.2.fq.gz    FASTQ   DNA       1,131      161,719      141      143      143  143  143  143        0  143    94.7      90  51.02
RS1_ME_S3_1_16S.1.fq.gz     FASTQ   DNA     584,915   83,630,749       64      143      143  143  143  143        0  143   97.53   94.22  48.55
RS1_ME_S3_1_16S.2.fq.gz     FASTQ   DNA     584,915   83,641,099       64      143      143  143  143  143        0  143   97.68   94.58  51.63
RS1_ME_S3_2_16S.1.fq.gz     FASTQ   DNA     504,479   72,126,600       55      143      143  143  143  143        0  143   97.51   94.21   48.7
RS1_ME_S3_2_16S.2.fq.gz     FASTQ   DNA     504,479   72,138,781       63      143      143  143  143  143        0  143    97.8   94.76  51.87
RS1_ME_S3_3_16S.1.fq.gz     FASTQ   DNA     694,762   99,334,260       53      143      143  143  143  143        0  143    97.6   94.27  48.36
RS1_ME_S3_3_16S.2.fq.gz     FASTQ   DNA     694,762   99,348,372       53      143      143  143  143  143        0  143   97.58   94.38  51.53
RS1_ME_S3_4_16S.1.fq.gz     FASTQ   DNA     681,056   97,387,476       44      143      143  143  143  143        0  143   98.06   95.28  53.72
RS1_ME_S3_4_16S.2.fq.gz     FASTQ   DNA     681,056   97,386,506       44      143      143  143  143  143        0  143   96.83   93.12  55.11
RS1_ME_S3_5_16S.1.fq.gz     FASTQ   DNA     550,352   78,696,227       54      143      143  143  143  143        0  143   97.15   93.56  45.29
RS1_ME_S3_5_16S.2.fq.gz     FASTQ   DNA     550,352   78,698,824       54      143      143  143  143  143        0  143   97.89   95.04  49.33
RS1_ME_S3_WC_16S.1.fq.gz    FASTQ   DNA       3,986      569,514      125    142.9      143  143  143  143        0  143   96.59   92.82  48.85
RS1_ME_S3_WC_16S.2.fq.gz    FASTQ   DNA       3,986      569,926      125      143      143  143  143  143        0  143   95.93   91.85  50.98
RS1_ME_S4_1_16S.1.fq.gz     FASTQ   DNA     734,986  105,091,799       27      143      143  143  143  143        0  143   96.97   93.56  48.98
RS1_ME_S4_1_16S.2.fq.gz     FASTQ   DNA     734,986  105,100,848       87      143      143  143  143  143        0  143    96.8   93.01  50.73
RS1_ME_S4_1(2)_16S.1.fq.gz  FASTQ   DNA     705,917  100,937,434       64      143      143  143  143  143        0  143   97.45    94.2  49.03
RS1_ME_S4_1(2)_16S.2.fq.gz  FASTQ   DNA     705,917  100,943,889       64      143      143  143  143  143        0  143   96.99   93.36  50.83
RS1_ME_S4_2_16S.1.fq.gz     FASTQ   DNA     640,027   91,496,910       64      143      143  143  143  143        0  143   97.63   94.42  49.36
RS1_ME_S4_2_16S.2.fq.gz     FASTQ   DNA     640,027   91,520,454       64      143      143  143  143  143        0  143    97.1   93.51  51.19
RS1_ME_S4_3_16S.1.fq.gz     FASTQ   DNA     761,034  108,714,161       65    142.9      143  143  143  143        0  143   97.45   94.15   49.4
RS1_ME_S4_3_16S.2.fq.gz     FASTQ   DNA     761,034  108,823,532       65      143      143  143  143  143        0  143   96.66   92.77  50.88
RS1_ME_S4_4_16S.1.fq.gz     FASTQ   DNA     669,087   95,659,296       68      143      143  143  143  143        0  143   97.24   93.86  50.02
RS1_ME_S4_4_16S.2.fq.gz     FASTQ   DNA     669,087   95,674,661       68      143      143  143  143  143        0  143   96.63   92.72  51.24
RS1_ME_S4_5_16S.1.fq.gz     FASTQ   DNA     897,153  128,239,681       64    142.9      143  143  143  143        0  143   97.44    94.1  49.46
RS1_ME_S4_5_16S.2.fq.gz     FASTQ   DNA     897,153  128,288,753       64      143      143  143  143  143        0  143    96.7   92.82  50.85
RS1_ME_S4_WC_16S.1.fq.gz    FASTQ   DNA       3,740      534,370      139    142.9      143  143  143  143        0  143   96.75    93.1  48.92
RS1_ME_S4_WC_16S.2.fq.gz    FASTQ   DNA       3,740      533,352      139    142.6      143  142  143  143        0  143   82.42   73.09  49.97
