file                           format  type   num_seqs      sum_len  min_len  avg_len  max_len   Q1   Q2   Q3  sum_gap  N50  Q20(%)  Q30(%)  GC(%)
MT1_10_1_MiFish.1.fq.gz        FASTQ   DNA     779,135  110,831,205       56    142.2      143  142  142  143        0  142   96.41   92.55  48.56
MT1_10_1_MiFish.2.fq.gz        FASTQ   DNA     779,135  111,019,865       56    142.5      143  142  142  143        0  142   96.77   93.05  43.37
MT1_10_2_MiFish.1.fq.gz        FASTQ   DNA     875,957  124,689,858       56    142.3      143  142  142  143        0  142   96.36   92.52  49.65
MT1_10_2_MiFish.2.fq.gz        FASTQ   DNA     875,957  124,758,729       56    142.4      143  142  142  143        0  142   96.92   93.27  44.57
MT1_10_3_MiFish.1.fq.gz        FASTQ   DNA     935,418  133,235,357       55    142.4      143  142  143  143        0  143   96.85    93.1  48.67
MT1_10_3_MiFish.2.fq.gz        FASTQ   DNA     935,418  133,395,099       55    142.6      143  142  143  143        0  143   97.08   93.58   43.9
MT1_10_4_MiFish.1.fq.gz        FASTQ   DNA     805,214  114,428,012       55    142.1      143  142  142  143        0  142   96.42   92.56  49.32
MT1_10_4_MiFish.2.fq.gz        FASTQ   DNA     805,214  114,712,205       55    142.5      143  142  142  143        0  142   96.79   93.04  44.14
MT1_10_5_MiFish.1.fq.gz        FASTQ   DNA     694,729   98,764,174       50    142.2      143  142  142  143        0  142   96.83   93.06  49.16
MT1_10_5_MiFish.2.fq.gz        FASTQ   DNA     694,729   98,950,377       50    142.4      143  142  142  143        0  142   97.01    93.4  44.77
MT1_10_WC_MiFish.1.fq.gz       FASTQ   DNA       3,179      452,860      108    142.5      143  142  143  143        0  143   94.03   89.43  48.46
MT1_10_WC_MiFish.2.fq.gz       FASTQ   DNA       3,179      452,921      108    142.5      143  142  143  143        0  143   94.61   90.06  43.84
MT1_11_1_MiFish.1.fq.gz        FASTQ   DNA     325,091   46,253,384       55    142.3      143  142  142  143        0  142   96.41   92.28  48.91
MT1_11_1_MiFish.2.fq.gz        FASTQ   DNA     325,091   46,411,639       55    142.8      143  143  143  143        0  143   96.75    92.9  45.17
MT1_11_2_MiFish.1.fq.gz        FASTQ   DNA     806,615  114,907,180       55    142.5      143  142  142  143        0  142   96.68   92.73  48.67
MT1_11_2_MiFish.2.fq.gz        FASTQ   DNA     806,615  115,072,214       56    142.7      143  142  143  143        0  143   96.92   93.19  44.07
MT1_11_3_MiFish.1.fq.gz        FASTQ   DNA     676,553   96,215,470       64    142.2      143  142  142  142        0  142    96.6   92.67  49.04
MT1_11_3_MiFish.2.fq.gz        FASTQ   DNA     676,553   96,566,923       64    142.7      143  142  143  143        0  143   96.83      93  45.16
MT1_11_4_MiFish.1.fq.gz        FASTQ   DNA     501,327   71,384,964       63    142.4      143  142  142  143        0  142   96.84   93.05  48.26
MT1_11_4_MiFish.2.fq.gz        FASTQ   DNA     501,327   71,548,862       63    142.7      143  142  143  143        0  143   96.77   92.88  44.28
MT1_11_5_MiFish.1.fq.gz        FASTQ   DNA     354,917   50,487,153       56    142.3      143  142  142  143        0  142   96.82   93.03  49.28
MT1_11_5_MiFish.2.fq.gz        FASTQ   DNA     354,917   50,661,388       56    142.7      143  143  143  143        0  143   96.85   93.06  44.97
MT1_1_1_MiFish.1.fq.gz         FASTQ   DNA   1,347,002  191,767,195       60    142.4      143  142  142  143        0  142   97.08   93.43  47.99
MT1_1_1_MiFish.2.fq.gz         FASTQ   DNA   1,347,002  192,144,375       60    142.6      143  142  143  143        0  143   97.36   94.03   43.6
MT1_11_WC_MiFish.1.fq.gz       FASTQ   DNA     140,122   20,022,946       55    142.9      143  143  143  143        0  143   95.58   90.75  46.07
MT1_11_WC_MiFish.2.fq.gz       FASTQ   DNA     140,122   20,029,161       55    142.9      143  143  143  143        0  143   96.63   92.21  40.52
MT1_12_1_MiFish.1.fq.gz        FASTQ   DNA     497,940   70,964,465       57    142.5      143  142  143  143        0  143   96.88   93.18  49.25
MT1_12_1_MiFish.2.fq.gz        FASTQ   DNA     497,940   70,965,570       57    142.5      143  142  143  143        0  143   97.08    93.6  44.59
MT1_12_2_MiFish.1.fq.gz        FASTQ   DNA     380,719   54,241,542       60    142.5      143  142  143  143        0  143   96.82   93.03  49.02
MT1_12_2_MiFish.2.fq.gz        FASTQ   DNA     380,719   54,273,936      116    142.6      143  142  143  143        0  143   96.91   93.22   44.5
MT1_12_3_MiFish.1.fq.gz        FASTQ   DNA     413,974   58,994,305       57    142.5      143  142  143  143        0  143   97.13   93.52     49
MT1_12_3_MiFish.2.fq.gz        FASTQ   DNA     413,974   59,003,391       57    142.5      143  142  143  143        0  143   97.25   93.77  44.51
MT1_12_4_MiFish.1.fq.gz        FASTQ   DNA     371,627   52,990,761       76    142.6      143  142  143  143        0  143    96.8      93   48.5
MT1_12_4_MiFish.2.fq.gz        FASTQ   DNA     371,627   52,987,062       76    142.6      143  142  143  143        0  143   97.03   93.46  44.46
MT1_12_5_MiFish.1.fq.gz        FASTQ   DNA     532,912   75,945,367       63    142.5      143  142  143  143        0  143   96.61   92.81  48.72
MT1_12_5_MiFish.2.fq.gz        FASTQ   DNA     532,912   75,972,594       63    142.6      143  142  143  143        0  143   96.95    93.3  44.07
MT1_1_2_MiFish.1.fq.gz         FASTQ   DNA   1,016,284  144,854,518       57    142.5      143  142  143  143        0  143   97.24    93.7   49.6
MT1_1_2_MiFish.2.fq.gz         FASTQ   DNA   1,016,284  144,816,683       57    142.5      143  142  142  143        0  142   97.39      94  44.75
MT1_12_WC_MiFish.1.fq.gz       FASTQ   DNA     107,301   15,319,129       74    142.8      143  143  143  143        0  143   96.55    92.6  48.01
MT1_12_WC_MiFish.2.fq.gz       FASTQ   DNA     107,301   15,306,368       74    142.6      143  142  143  143        0  143   96.84   93.06  42.89
MT1_13_1_MiFish.1.fq.gz        FASTQ   DNA     382,904   54,519,969       55    142.4      143  142  143  143        0  143    96.2   92.35  49.95
MT1_13_1_MiFish.2.fq.gz        FASTQ   DNA     382,904   54,588,709       55    142.6      143  142  143  143        0  143   96.64   92.81   44.3
MT1_13_2_MiFish.1.fq.gz        FASTQ   DNA   1,147,230  163,388,469       30    142.4      143  142  143  143        0  143   97.18   93.76  49.16
MT1_13_2_MiFish.2.fq.gz        FASTQ   DNA   1,147,230  163,547,929       30    142.6      143  142  143  143        0  143   97.16   93.72  44.56
MT1_13_3_MiFish.1.fq.gz        FASTQ   DNA   1,192,564  170,186,932       56    142.7      143  143  143  143        0  143   97.16   93.71  49.04
MT1_13_3_MiFish.2.fq.gz        FASTQ   DNA   1,192,564  170,059,893       56    142.6      143  142  143  143        0  143   97.22   93.77  43.39
MT1_13_4_MiFish.1.fq.gz        FASTQ   DNA     971,673  138,289,226       42    142.3      143  142  143  143        0  143   97.07   93.69  49.84
MT1_13_4_MiFish.2.fq.gz        FASTQ   DNA     971,673  138,530,398       57    142.6      143  142  143  143        0  143   97.16   93.77  44.42
MT1_1_3_MiFish.1.fq.gz         FASTQ   DNA     884,437  126,173,840       57    142.7      143  142  143  143        0  143   97.22   93.69  49.22
MT1_1_3_MiFish.2.fq.gz         FASTQ   DNA     884,437  126,232,232       57    142.7      143  142  143  143        0  143   97.14   93.62  43.75
MT1_13_WC_MiFish.1.fq.gz       FASTQ   DNA     193,333   27,634,616       57    142.9      143  143  143  143        0  143   95.58   90.97  48.04
MT1_13_WC_MiFish.2.fq.gz       FASTQ   DNA     193,333   27,588,914       57    142.7      143  142  143  143        0  143   96.21   91.64  42.16
MT1_14_1_MiFish.1.fq.gz        FASTQ   DNA     872,832  124,300,920       56    142.4      143  142  142  143        0  142   97.37      94  48.29
MT1_14_1_MiFish.2.fq.gz        FASTQ   DNA     872,832  124,348,525       56    142.5      143  142  142  143        0  142   97.32   93.92  43.83
MT1_14_2_MiFish.1.fq.gz        FASTQ   DNA     974,889  138,890,439       76    142.5      143  142  142  143        0  142   97.39    94.1  48.69
MT1_14_2_MiFish.2.fq.gz        FASTQ   DNA     974,889  138,819,337       76    142.4      143  142  142  143        0  142   97.23   93.79  44.28
MT1_14_3_MiFish.1.fq.gz        FASTQ   DNA   1,088,142  155,209,429       56    142.6      143  142  143  143        0  143   97.62   94.59  48.86
MT1_14_3_MiFish.2.fq.gz        FASTQ   DNA   1,088,142  154,806,716       56    142.3      143  142  142  143        0  142   97.21   93.75  44.59
MT1_14_4_MiFish.1.fq.gz        FASTQ   DNA   1,145,966  163,425,996       55    142.6      143  142  143  143        0  143   97.34   94.02  50.15
MT1_14_4_MiFish.2.fq.gz        FASTQ   DNA   1,145,966  163,249,560       55    142.5      143  142  142  143        0  142   97.19   93.77   44.5
MT1_14_5_MiFish.1.fq.gz        FASTQ   DNA   1,182,893  168,409,768       54    142.4      143  142  142  143        0  142   96.97    93.5  49.21
MT1_14_5_MiFish.2.fq.gz        FASTQ   DNA   1,182,893  168,193,074       54    142.2      143  142  142  142        0  142   96.71   92.99  44.86
MT1_1_4_MiFish.1.fq.gz         FASTQ   DNA   1,545,848  220,285,350       63    142.5      143  142  143  143        0  143   97.13   93.52  49.14
MT1_1_4_MiFish.2.fq.gz         FASTQ   DNA   1,545,848  220,450,205       63    142.6      143  142  143  143        0  143   97.23   93.68  44.18
MT1_14_WC_MiFish.1.fq.gz       FASTQ   DNA      41,932    5,991,784       84    142.9      143  143  143  143        0  143   95.72   91.11  46.78
MT1_14_WC_MiFish.2.fq.gz       FASTQ   DNA      41,932    5,992,562       84    142.9      143  143  143  143        0  143   96.28   91.78   41.3
MT1_15_1_MiFish.1.fq.gz        FASTQ   DNA   1,353,763  192,897,570       57    142.5      143  142  143  143        0  143    96.9   93.33  49.65
MT1_15_1_MiFish.2.fq.gz        FASTQ   DNA   1,353,763  192,778,377       57    142.4      143  142  142  143        0  142   96.82   93.16  43.86
MT1_15_2_MiFish.1.fq.gz        FASTQ   DNA   1,317,684  187,591,236       56    142.4      143  142  142  143        0  142   96.74   93.18  49.69
MT1_15_2_MiFish.2.fq.gz        FASTQ   DNA   1,317,684  187,592,697       56    142.4      143  142  142  143        0  142   96.68   92.96  43.68
MT1_15_3_MiFish.1.fq.gz        FASTQ   DNA   1,007,585  143,541,621       56    142.5      143  142  143  143        0  143   96.69      93  49.35
MT1_15_3_MiFish.2.fq.gz        FASTQ   DNA   1,007,585  143,570,222       56    142.5      143  142  142  143        0  142   96.69   92.89  44.05
MT1_15_4_MiFish.1.fq.gz        FASTQ   DNA   1,281,852  182,621,449       56    142.5      143  142  143  143        0  143   96.96   93.45  49.48
MT1_15_4_MiFish.2.fq.gz        FASTQ   DNA   1,281,852  182,696,498       56    142.5      143  142  143  143        0  143   96.88   93.21  44.13
MT1_15_5_MiFish.1.fq.gz        FASTQ   DNA     785,744  111,896,664       55    142.4      143  142  142  143        0  142   96.63   92.92  49.85
MT1_15_5_MiFish.2.fq.gz        FASTQ   DNA     785,744  111,889,228       55    142.4      143  142  142  143        0  142   96.63   92.85  44.03
MT1_1_5_MiFish.1.fq.gz         FASTQ   DNA   1,043,147  148,628,776       55    142.5      143  142  143  143        0  143   97.01   93.38  49.59
MT1_1_5_MiFish.2.fq.gz         FASTQ   DNA   1,043,147  148,689,326       55    142.5      143  142  143  143        0  143   97.18   93.67  44.68
MT1_15_WC_MiFish.1.fq.gz       FASTQ   DNA      46,875    6,691,643       55    142.8      143  143  143  143        0  143   95.69   91.17  47.75
MT1_15_WC_MiFish.2.fq.gz       FASTQ   DNA      46,875    6,692,726       55    142.8      143  143  143  143        0  143   96.01   91.57  44.71
MT1_16_1_MiFish.1.fq.gz        FASTQ   DNA   1,153,778  164,599,487       56    142.7      143  142  143  143        0  143   95.89   91.95  49.82
MT1_16_1_MiFish.2.fq.gz        FASTQ   DNA   1,153,778  164,606,245       56    142.7      143  142  143  143        0  143    96.5   92.54  46.19
MT1_16_2_MiFish.1.fq.gz        FASTQ   DNA     675,751   96,199,728       55    142.4      143  142  143  143        0  143   96.79   93.14  48.95
MT1_16_2_MiFish.2.fq.gz        FASTQ   DNA     675,751   96,283,513       55    142.5      143  142  142  143        0  142   96.81   93.17   44.1
MT1_16_3_MiFish.1.fq.gz        FASTQ   DNA     989,644  140,786,221       63    142.3      143  142  142  143        0  142   96.68   92.69  49.38
MT1_16_3_MiFish.2.fq.gz        FASTQ   DNA     989,644  141,076,170       72    142.6      143  142  143  143        0  143   97.25   93.85  44.61
MT1_16_4_MiFish.1.fq.gz        FASTQ   DNA   1,018,207  145,078,442       53    142.5      143  142  143  143        0  143    96.7   92.67   49.7
MT1_16_4_MiFish.2.fq.gz        FASTQ   DNA   1,018,207  145,123,531       53    142.5      143  142  143  143        0  143   97.43   94.05  44.21
MT1_16_5_MiFish.1.fq.gz        FASTQ   DNA   1,093,635  155,819,863       57    142.5      143  142  143  143        0  143   96.56   92.47  49.34
MT1_16_5_MiFish.2.fq.gz        FASTQ   DNA   1,093,635  155,829,495       57    142.5      143  142  142  143        0  142   97.33   93.99  44.33
MT1_16_WC_MiFish.1.fq.gz       FASTQ   DNA      95,238   13,529,125       63    142.1      143  142  142  142        0  142   96.98   93.14  40.82
MT1_16_WC_MiFish.2.fq.gz       FASTQ   DNA      95,238   13,530,836       63    142.1      143  142  142  142        0  142   96.17   91.44  37.24
MT1_17_1_MiFish.1.fq.gz        FASTQ   DNA   1,392,719  198,343,729       63    142.4      143  142  143  143        0  143   96.52   92.31  49.63
MT1_17_1_MiFish.2.fq.gz        FASTQ   DNA   1,392,719  198,741,730       63    142.7      143  142  143  143        0  143   97.32   93.93  44.83
MT1_17_2_MiFish.1.fq.gz        FASTQ   DNA   1,069,633  152,320,884       64    142.4      143  142  142  143        0  142   96.68   92.53  49.76
MT1_17_2_MiFish.2.fq.gz        FASTQ   DNA   1,069,633  152,632,039       64    142.7      143  142  143  143        0  143   97.54    94.3  44.93
MT1_17_3_MiFish.1.fq.gz        FASTQ   DNA     825,450  117,564,907       92    142.4      143  142  143  143        0  143   96.45   92.24  49.47
MT1_17_3_MiFish.2.fq.gz        FASTQ   DNA     825,450  117,711,147       92    142.6      143  142  143  143        0  143   97.28   93.89  44.71
MT1_17_4_MiFish.1.fq.gz        FASTQ   DNA   1,542,406  219,821,261       57    142.5      143  142  143  143        0  143   96.57    92.3  49.33
MT1_17_4_MiFish.2.fq.gz        FASTQ   DNA   1,542,406  219,982,007       57    142.6      143  142  143  143        0  143   97.37   93.98  44.62
MT1_17_5_MiFish.1.fq.gz        FASTQ   DNA     413,141   58,871,255       52    142.5      143  142  143  143        0  143   96.81   92.98  49.86
MT1_17_5_MiFish.2.fq.gz        FASTQ   DNA     413,141   58,950,753       52    142.7      143  142  143  143        0  143   97.29   93.88  44.74
MT1_17_WC_MiFish.1.fq.gz       FASTQ   DNA      53,385    7,631,094       97    142.9      143  143  143  143        0  143   96.55   92.51  48.97
MT1_17_WC_MiFish.2.fq.gz       FASTQ   DNA      53,385    7,630,690       97    142.9      143  143  143  143        0  143   96.62    92.8  48.82
MT1_18_1_MiFish.1.fq.gz        FASTQ   DNA   1,055,482  150,494,235       45    142.6      143  142  143  143        0  143   96.83   93.02  48.94
MT1_18_1_MiFish.2.fq.gz        FASTQ   DNA   1,055,482  150,424,294       45    142.5      143  142  143  143        0  143   97.16   93.63  43.36
MT1_18_2_MiFish.1.fq.gz        FASTQ   DNA     916,622  130,754,928       55    142.6      143  142  143  143        0  143   96.87   93.07  49.44
MT1_18_2_MiFish.2.fq.gz        FASTQ   DNA     916,622  130,695,183       55    142.6      143  142  143  143        0  143    97.3   93.85  44.07
MT1_18_3_MiFish.1.fq.gz        FASTQ   DNA     945,539  134,855,508       54    142.6      143  142  143  143        0  143   96.58   92.69  49.21
MT1_18_3_MiFish.2.fq.gz        FASTQ   DNA     945,539  134,751,272       54    142.5      143  142  143  143        0  143   97.13   93.63  43.89
MT1_18_4_MiFish.1.fq.gz        FASTQ   DNA     796,204  113,623,485       98    142.7      143  142  143  143        0  143   96.75   92.89  48.87
MT1_18_4_MiFish.2.fq.gz        FASTQ   DNA     796,204  113,488,012       98    142.5      143  142  143  143        0  143   97.05    93.4  43.82
MT1_18_5_MiFish.1.fq.gz        FASTQ   DNA     948,806  135,334,031       41    142.6      143  142  143  143        0  143   96.85   93.08  49.19
MT1_18_5_MiFish.2.fq.gz        FASTQ   DNA     948,806  135,168,505       41    142.5      143  142  142  143        0  142   97.13   93.56  44.04
MT1_18_WC_MiFish.1.fq.gz       FASTQ   DNA       5,679      800,089       59    140.9      143  142  143  143        0  143   93.93   89.13   48.6
MT1_18_WC_MiFish.2.fq.gz       FASTQ   DNA       5,679      800,362       59    140.9      143  142  143  143        0  143   94.57   89.95  44.08
MT1_19_1_MiFish.1.fq.gz        FASTQ   DNA     863,266  123,084,722       83    142.6      143  142  143  143        0  143   96.72   92.93  49.51
MT1_19_1_MiFish.2.fq.gz        FASTQ   DNA     863,266  122,749,137       83    142.2      143  142  142  142        0  142   97.29   94.01  44.71
MT1_19_2_MiFish.1.fq.gz        FASTQ   DNA   1,037,883  148,201,765      114    142.8      143  143  143  143        0  143   96.53   92.67  49.11
MT1_19_2_MiFish.2.fq.gz        FASTQ   DNA   1,037,883  147,485,439      114    142.1      143  142  142  142        0  142   97.45   94.34   44.6
MT1_19_3_MiFish.1.fq.gz        FASTQ   DNA     243,526   34,776,690       57    142.8      143  143  143  143        0  143   97.12   93.73  49.01
MT1_19_3_MiFish.2.fq.gz        FASTQ   DNA     243,526   34,613,227       56    142.1      143  142  142  142        0  142   97.36   94.18  44.79
MT1_19_4_MiFish.1.fq.gz        FASTQ   DNA     540,389   77,119,936       54    142.7      143  143  143  143        0  143   97.03   93.54  49.12
MT1_19_4_MiFish.2.fq.gz        FASTQ   DNA     540,389   76,811,372       54    142.1      143  142  142  142        0  142   97.17   93.85  44.81
MT1_19_5_MiFish.1.fq.gz        FASTQ   DNA     488,698   69,800,612       57    142.8      143  143  143  143        0  143   97.19   93.79  49.15
MT1_19_5_MiFish.2.fq.gz        FASTQ   DNA     488,698   69,463,649       57    142.1      143  142  142  142        0  142   97.37   94.15  45.13
MT1_19_WC_MiFish.1.fq.gz       FASTQ   DNA      48,642    6,953,738       75      143      143  143  143  143        0  143   96.52   92.63  53.69
MT1_19_WC_MiFish.2.fq.gz       FASTQ   DNA      48,642    6,953,484       75      143      143  143  143  143        0  143   96.25   92.14  48.97
MT1_1_WC_MiFish.1.fq.gz        FASTQ   DNA     227,137   32,452,675      109    142.9      143  143  143  143        0  143    96.2    91.7  46.08
MT1_1_WC_MiFish.2.fq.gz        FASTQ   DNA     227,137   32,460,050      109    142.9      143  143  143  143        0  143   96.67    92.2  40.63
MT1_20_1_MiFish.1.fq.gz        FASTQ   DNA     605,434   86,366,819       73    142.7      143  142  143  143        0  143   97.02   93.47  48.71
MT1_20_1_MiFish.2.fq.gz        FASTQ   DNA     605,434   86,279,758       73    142.5      143  142  143  143        0  143   96.97   93.39  44.52
MT1_20_2_MiFish.1.fq.gz        FASTQ   DNA     738,731  105,396,181       83    142.7      143  142  143  143        0  143   97.16   93.68  49.19
MT1_20_2_MiFish.2.fq.gz        FASTQ   DNA     738,731  105,259,002       83    142.5      143  142  142  143        0  142   96.93   93.28  44.53
MT1_20_3_MiFish.1.fq.gz        FASTQ   DNA     672,714   95,969,079       62    142.7      143  142  143  143        0  143   97.17   93.68  49.39
MT1_20_3_MiFish.2.fq.gz        FASTQ   DNA     672,714   95,775,812       62    142.4      143  142  142  143        0  142   97.06   93.48  44.82
MT1_20_4_MiFish.1.fq.gz        FASTQ   DNA     709,511  101,112,057       61    142.5      143  142  143  143        0  143   96.91   93.22  48.75
MT1_20_4_MiFish.2.fq.gz        FASTQ   DNA     709,511  101,028,885       61    142.4      143  142  142  143        0  142   97.15   93.62  43.79
MT1_20_5_MiFish.1.fq.gz        FASTQ   DNA     471,601   67,282,316       55    142.7      143  142  143  143        0  143   97.14   93.61   49.8
MT1_20_5_MiFish.2.fq.gz        FASTQ   DNA     471,601   67,240,742       55    142.6      143  142  143  143        0  143   97.16    93.7  45.37
MT1_20_WC_MiFish.1.fq.gz       FASTQ   DNA      54,943    7,853,173       75    142.9      143  143  143  143        0  143   96.76   93.09  48.36
MT1_20_WC_MiFish.2.fq.gz       FASTQ   DNA      54,943    7,816,176       75    142.3      143  142  142  143        0  142   96.97   93.51  43.99
MT1_21_1_MiFish.1.fq.gz        FASTQ   DNA     545,420   77,706,252       72    142.5      143  142  142  143        0  142   96.68   92.96  49.64
MT1_21_1_MiFish.2.fq.gz        FASTQ   DNA     545,420   77,721,287       72    142.5      143  142  142  143        0  143   96.72   92.96  44.63
MT1_21_2_MiFish.1.fq.gz        FASTQ   DNA   1,170,176  166,751,004       58    142.5      143  142  143  143        0  143   96.81    93.1  49.59
MT1_21_2_MiFish.2.fq.gz        FASTQ   DNA   1,170,176  166,824,604       58    142.6      143  142  143  143        0  143   96.74   93.01  44.83
MT1_21_3_MiFish.1.fq.gz        FASTQ   DNA   1,137,227  162,186,117       64    142.6      143  142  143  143        0  143   97.03   93.41  49.42
MT1_21_3_MiFish.2.fq.gz        FASTQ   DNA   1,137,227  162,234,768       64    142.7      143  142  143  143        0  143   96.84    93.1  44.51
MT1_21_4_MiFish.1.fq.gz        FASTQ   DNA     851,272  121,345,171       56    142.5      143  142  143  143        0  143   96.12   92.26  50.14
MT1_21_4_MiFish.2.fq.gz        FASTQ   DNA     851,272  121,406,957       56    142.6      143  142  143  143        0  143   96.42   92.48  45.39
MT1_21_5_MiFish.1.fq.gz        FASTQ   DNA     915,357  130,488,209       63    142.6      143  142  143  143        0  143   96.82   93.13  49.64
MT1_21_5_MiFish.2.fq.gz        FASTQ   DNA     915,357  130,552,087       71    142.6      143  142  143  143        0  143   96.66   92.85   45.1
MT1_2_1_MiFish.1.fq.gz         FASTQ   DNA     970,786  138,367,140       79    142.5      143  142  143  143        0  143   97.32    93.9  49.37
MT1_2_1_MiFish.2.fq.gz         FASTQ   DNA     970,786  138,374,900       72    142.5      143  142  143  143        0  143    97.1   93.53  44.03
MT1_21_WC_MiFish.1.fq.gz       FASTQ   DNA     184,893   26,426,012       73    142.9      143  143  143  143        0  143   95.22   90.21  46.39
MT1_21_WC_MiFish.2.fq.gz       FASTQ   DNA     184,893   26,430,364       73    142.9      143  143  143  143        0  143    96.5   92.06  40.75
MT1_22_1_MiFish.1.fq.gz        FASTQ   DNA   1,308,835  186,330,643       54    142.4      143  142  143  143        0  143    96.8   93.04  48.04
MT1_22_1_MiFish.2.fq.gz        FASTQ   DNA   1,308,835  186,400,234       54    142.4      143  142  142  143        0  142   96.84   93.16  43.17
MT1_22_2_MiFish.1.fq.gz        FASTQ   DNA   1,296,729  184,706,607       84    142.4      143  142  143  143        0  143    96.5   92.58  48.33
MT1_22_2_MiFish.2.fq.gz        FASTQ   DNA   1,296,729  184,657,936       84    142.4      143  142  142  143        0  142   96.83   93.15  42.93
MT1_22_3_MiFish.1.fq.gz        FASTQ   DNA     849,982  120,998,493       62    142.4      143  142  142  143        0  142   96.63   92.74  48.92
MT1_22_3_MiFish.2.fq.gz        FASTQ   DNA     849,982  121,013,749       62    142.4      143  142  142  143        0  142   96.88   93.23  43.31
MT1_22_4_MiFish.1.fq.gz        FASTQ   DNA     315,633   44,937,323       55    142.4      143  142  143  143        0  143   96.32   91.92  49.09
MT1_22_4_MiFish.2.fq.gz        FASTQ   DNA     315,633   44,951,621       55    142.4      143  142  142  143        0  142   97.54   94.31  43.61
MT1_22_5_MiFish.1.fq.gz        FASTQ   DNA     692,714   98,654,456       57    142.4      143  142  142  143        0  143   96.36   91.98  48.83
MT1_22_5_MiFish.2.fq.gz        FASTQ   DNA     692,714   98,653,263       57    142.4      143  142  142  143        0  142   97.47   94.16  43.62
MT1_2_2_MiFish.1.fq.gz         FASTQ   DNA     711,308  101,313,617       57    142.4      143  142  142  143        0  142   97.36      94   49.2
MT1_2_2_MiFish.2.fq.gz         FASTQ   DNA     711,308  101,321,987       57    142.4      143  142  142  143        0  142   97.18   93.69  44.01
MT1_22_WC_MiFish.1.fq.gz       FASTQ   DNA     163,807   23,319,393       55    142.4      143  142  142  143        0  142   96.45   92.24  42.03
MT1_22_WC_MiFish.2.fq.gz       FASTQ   DNA     163,807   23,322,995       55    142.4      143  142  142  143        0  142   96.91   92.84  35.64
MT1_23_1_MiFish.1.fq.gz        FASTQ   DNA     610,610   87,120,963       58    142.7      143  142  143  143        0  143   96.57   92.43  49.65
MT1_23_1_MiFish.2.fq.gz        FASTQ   DNA     610,610   87,154,969       58    142.7      143  142  143  143        0  143   97.61   94.35  45.09
MT1_23_2_MiFish.1.fq.gz        FASTQ   DNA     647,655   92,444,090       64    142.7      143  143  143  143        0  143   96.36   92.12  49.46
MT1_23_2_MiFish.2.fq.gz        FASTQ   DNA     647,655   92,456,993       85    142.8      143  143  143  143        0  143   97.38   94.03   45.2
MT1_23_3_MiFish.1.fq.gz        FASTQ   DNA     675,520   96,369,106       56    142.7      143  142  143  143        0  143   96.26   91.91  49.31
MT1_23_3_MiFish.2.fq.gz        FASTQ   DNA     675,520   96,385,520       56    142.7      143  142  143  143        0  143    97.4   94.01  44.75
MT1_23_4_MiFish.1.fq.gz        FASTQ   DNA     815,000  116,257,640       58    142.6      143  142  143  143        0  143   96.34   92.08  49.61
MT1_23_4_MiFish.2.fq.gz        FASTQ   DNA     815,000  116,217,053       58    142.6      143  142  143  143        0  143   97.38   93.95  45.24
MT1_23_5_MiFish.1.fq.gz        FASTQ   DNA   1,116,170  159,245,761      113    142.7      143  142  143  143        0  143   96.15   91.64  48.83
MT1_23_5_MiFish.2.fq.gz        FASTQ   DNA   1,116,170  159,244,433      116    142.7      143  142  143  143        0  143   97.54   94.28  44.17
MT1_2_3_MiFish.1.fq.gz         FASTQ   DNA   1,015,541  144,689,535       83    142.5      143  142  143  143        0  143   97.24   93.79  49.25
MT1_2_3_MiFish.2.fq.gz         FASTQ   DNA   1,015,541  144,656,736       83    142.4      143  142  142  143        0  142   97.14   93.65  44.19
MT1_23_WC_MiFish.1.fq.gz       FASTQ   DNA     120,715   17,229,087       53    142.7      143  143  143  143        0  143   93.76    88.7  47.19
MT1_23_WC_MiFish.2.fq.gz       FASTQ   DNA     120,715   17,232,326       53    142.8      143  143  143  143        0  143   96.08   91.45  40.31
MT1_24_1_MiFish.1.fq.gz        FASTQ   DNA     758,068  108,075,400       60    142.6      143  142  143  143        0  143    96.5   92.27  49.74
MT1_24_1_MiFish.2.fq.gz        FASTQ   DNA     758,068  108,146,338       60    142.7      143  142  143  143        0  143   97.39   93.97  45.52
MT1_24_2_MiFish.1.fq.gz        FASTQ   DNA     430,531   61,320,254       57    142.4      143  142  143  143        0  143   97.12    93.5  48.92
MT1_24_2_MiFish.2.fq.gz        FASTQ   DNA     430,531   61,358,062       57    142.5      143  142  143  143        0  143    97.3   93.85  43.82
MT1_24_3_MiFish.1.fq.gz        FASTQ   DNA   1,068,205  151,776,539       57    142.1      143  142  142  143        0  142   97.21   93.65  48.83
MT1_24_3_MiFish.2.fq.gz        FASTQ   DNA   1,068,205  152,143,648       57    142.4      143  142  142  143        0  142   97.26   93.82  43.78
MT1_24_4_MiFish.1.fq.gz        FASTQ   DNA   1,078,638  153,729,482       63    142.5      143  142  143  143        0  143   97.12   93.42  48.45
MT1_24_4_MiFish.2.fq.gz        FASTQ   DNA   1,078,638  153,813,806       63    142.6      143  142  143  143        0  143   97.33   93.85  43.72
MT1_24_5_MiFish.1.fq.gz        FASTQ   DNA   1,157,317  164,866,086       55    142.5      143  142  143  143        0  143    96.9   93.09  48.42
MT1_24_5_MiFish.2.fq.gz        FASTQ   DNA   1,157,317  164,947,341       55    142.5      143  142  143  143        0  143   97.22   93.71  43.56
MT1_2_4_MiFish.1.fq.gz         FASTQ   DNA     820,679  116,856,515       63    142.4      143  142  142  143        0  142   97.32   93.95  49.25
MT1_2_4_MiFish.2.fq.gz         FASTQ   DNA     820,679  116,960,159       63    142.5      143  142  143  143        0  143   97.09   93.51  44.29
MT1_24_WC_MiFish.1.fq.gz       FASTQ   DNA     208,014   29,730,944      122    142.9      143  143  143  143        0  143    95.3   90.23  46.34
MT1_24_WC_MiFish.2.fq.gz       FASTQ   DNA     208,014   29,736,305      122      143      143  143  143  143        0  143   96.39   91.85  40.71
MT1_2_5_MiFish.1.fq.gz         FASTQ   DNA     787,705  112,215,988       98    142.5      143  142  143  143        0  143    97.4   94.03  49.15
MT1_2_5_MiFish.2.fq.gz         FASTQ   DNA     787,705  112,236,906       98    142.5      143  142  142  143        0  142   97.28   93.85   44.3
MT1_2_WC_MiFish.1.fq.gz        FASTQ   DNA     106,024   15,122,067       82    142.6      143  142  143  143        0  143   96.31   91.98  48.43
MT1_2_WC_MiFish.2.fq.gz        FASTQ   DNA     106,024   15,155,686       82    142.9      143  143  143  143        0  143   96.66   92.37  42.77
MT1_3_1_MiFish.1.fq.gz         FASTQ   DNA     789,052  112,246,699       76    142.3      143  142  142  143        0  142   97.22   93.72  49.23
MT1_3_1_MiFish.2.fq.gz         FASTQ   DNA     789,052  112,458,252       76    142.5      143  142  143  143        0  143   97.07   93.46  44.41
MT1_3_2_MiFish.1.fq.gz         FASTQ   DNA   1,156,073  164,194,037       62      142      143  142  142  143        0  142   97.37   93.97   49.4
MT1_3_2_MiFish.2.fq.gz         FASTQ   DNA   1,156,073  164,754,513       62    142.5      143  142  143  143        0  143   97.11   93.51  44.12
MT1_3_3_MiFish.1.fq.gz         FASTQ   DNA     617,693   87,883,360       54    142.3      143  142  142  143        0  142   97.26   93.84  49.52
MT1_3_3_MiFish.2.fq.gz         FASTQ   DNA     617,693   88,016,776       54    142.5      143  142  142  143        0  142   97.11   93.54  44.47
MT1_3_4_MiFish.1.fq.gz         FASTQ   DNA   1,249,606  177,726,991       49    142.2      143  142  142  143        0  142      97   93.33  48.87
MT1_3_4_MiFish.2.fq.gz         FASTQ   DNA   1,249,606  177,889,931       49    142.4      143  142  142  143        0  142   96.99   93.38  43.81
MT1_3_5_MiFish.1.fq.gz         FASTQ   DNA     933,749  132,791,272       38    142.2      143  142  142  143        0  142   96.91   93.15  49.12
MT1_3_5_MiFish.2.fq.gz         FASTQ   DNA     933,749  132,996,443       58    142.4      143  142  142  143        0  142   97.07   93.53  43.92
MT1_3_WC_MiFish.1.fq.gz        FASTQ   DNA     209,695   29,938,566      101    142.8      143  143  143  143        0  143   95.78   91.08  45.83
MT1_3_WC_MiFish.2.fq.gz        FASTQ   DNA     209,695   29,965,847      101    142.9      143  143  143  143        0  143   96.77   92.49  40.21
MT1_4_1_MiFish.1.fq.gz         FASTQ   DNA   1,297,316  184,660,942       57    142.3      143  142  143  143        0  143   96.92   93.23  48.62
MT1_4_1_MiFish.2.fq.gz         FASTQ   DNA   1,297,316  184,868,036       57    142.5      143  142  143  143        0  143   97.03   93.51  43.31
MT1_4_2_MiFish.1.fq.gz         FASTQ   DNA   1,288,412  183,484,289       63    142.4      143  142  143  143        0  143   97.02   93.34  48.73
MT1_4_2_MiFish.2.fq.gz         FASTQ   DNA   1,288,412  183,472,628       63    142.4      143  142  142  143        0  142    97.1   93.55  43.33
MT1_4_3_MiFish.1.fq.gz         FASTQ   DNA     914,838  130,250,552       57    142.4      143  142  143  143        0  143   97.08   93.41  48.69
MT1_4_3_MiFish.2.fq.gz         FASTQ   DNA     914,838  130,299,912       57    142.4      143  142  142  143        0  142   97.13   93.62  43.31
MT1_4_4_MiFish.1.fq.gz         FASTQ   DNA     755,129  107,465,181       57    142.3      143  142  143  143        0  143   96.88   93.11  48.58
MT1_4_4_MiFish.2.fq.gz         FASTQ   DNA     755,129  107,603,972       57    142.5      143  142  142  143        0  143   97.01   93.44  43.56
MT1_4_5_MiFish.1.fq.gz         FASTQ   DNA   1,046,407  149,064,261       56    142.5      143  142  143  143        0  143   96.93   93.18  48.27
MT1_4_5_MiFish.2.fq.gz         FASTQ   DNA   1,046,407  149,051,611       56    142.4      143  142  142  143        0  142   97.04   93.44  43.27
MT1_4_WC_MiFish.1.fq.gz        FASTQ   DNA      56,583    8,080,174      110    142.8      143  143  143  143        0  143   96.06   91.58  45.62
MT1_4_WC_MiFish.2.fq.gz        FASTQ   DNA      56,583    8,082,137      110    142.8      143  143  143  143        0  143   96.72   92.42  40.13
MT1_5_1_MiFish.1.fq.gz         FASTQ   DNA     865,365  123,511,829       55    142.7      143  142  143  143        0  143   96.75   93.04  48.33
MT1_5_1_MiFish.2.fq.gz         FASTQ   DNA     865,365  123,318,372       55    142.5      143  142  143  143        0  143   96.95   93.32  43.36
MT1_5_2_MiFish.1.fq.gz         FASTQ   DNA     755,178  107,731,958       72    142.7      143  143  143  143        0  143   96.95   93.43  48.41
MT1_5_2_MiFish.2.fq.gz         FASTQ   DNA     755,178  107,691,526       72    142.6      143  142  143  143        0  143   96.99   93.41  43.08
MT1_5_3_MiFish.1.fq.gz         FASTQ   DNA   1,020,775  145,650,426       58    142.7      143  142  143  143        0  143   97.23   93.79  48.36
MT1_5_3_MiFish.2.fq.gz         FASTQ   DNA   1,020,775  145,566,360       58    142.6      143  142  143  143        0  143   97.14   93.67  42.98
MT1_5_4_MiFish.1.fq.gz         FASTQ   DNA     622,212   88,764,726       56    142.7      143  142  143  143        0  143   96.82   93.24  48.52
MT1_5_4_MiFish.2.fq.gz         FASTQ   DNA     622,212   88,706,420       57    142.6      143  142  143  143        0  143   96.97   93.42  43.17
MT1_5_5_MiFish.1.fq.gz         FASTQ   DNA     770,034  109,813,840       58    142.6      143  142  143  143        0  143   97.16   93.67  48.56
MT1_5_5_MiFish.2.fq.gz         FASTQ   DNA     770,034  109,811,979       63    142.6      143  142  143  143        0  143   97.04   93.47  42.96
MT1_5_WC_MiFish.1.fq.gz        FASTQ   DNA     145,934   20,855,968       53    142.9      143  143  143  143        0  143   95.93    91.5   45.9
MT1_5_WC_MiFish.2.fq.gz        FASTQ   DNA     145,934   20,844,125       53    142.8      143  143  143  143        0  143   96.55   92.19  40.66
MT1_6_1_MiFish.1.fq.gz         FASTQ   DNA     971,841  138,508,239       59    142.5      143  142  143  143        0  143   96.53   92.89   49.1
MT1_6_1_MiFish.2.fq.gz         FASTQ   DNA     971,841  138,600,258       59    142.6      143  142  143  143        0  143   96.96   93.32  43.97
MT1_6_2_MiFish.1.fq.gz         FASTQ   DNA     776,900  110,767,886       77    142.6      143  142  143  143        0  143   96.92   93.31  48.76
MT1_6_2_MiFish.2.fq.gz         FASTQ   DNA     776,900  110,793,944       78    142.6      143  142  143  143        0  143   96.91    93.2   44.1
MT1_6_3_MiFish.1.fq.gz         FASTQ   DNA   1,401,575  199,665,426       63    142.5      143  142  143  143        0  143   96.89   93.18  48.29
MT1_6_3_MiFish.2.fq.gz         FASTQ   DNA   1,401,575  199,839,678       63    142.6      143  142  143  143        0  143   96.92   93.15  43.47
MT1_6_4_MiFish.1.fq.gz         FASTQ   DNA   1,142,196  162,612,442       55    142.4      143  142  143  143        0  143   96.95   93.29  48.49
MT1_6_4_MiFish.2.fq.gz         FASTQ   DNA   1,142,196  162,704,195       55    142.4      143  142  142  143        0  142   96.94   93.27  43.33
MT1_6_5_MiFish.1.fq.gz         FASTQ   DNA   1,426,779  203,350,110       56    142.5      143  142  143  143        0  143   96.97   93.41  48.85
MT1_6_5_MiFish.2.fq.gz         FASTQ   DNA   1,426,779  203,359,151       56    142.5      143  142  143  143        0  143   97.11    93.5  43.71
MT1_6_WC_MiFish.1.fq.gz        FASTQ   DNA      89,690   12,819,094       64    142.9      143  143  143  143        0  143    96.3    91.9  46.34
MT1_6_WC_MiFish.2.fq.gz        FASTQ   DNA      89,690   12,820,738       64    142.9      143  143  143  143        0  143   96.71   92.31  40.88
MT1_7_1_MiFish.1.fq.gz         FASTQ   DNA   1,364,511  194,281,246       57    142.4      143  142  142  143        0  142    97.2   93.65  48.38
MT1_7_1_MiFish.2.fq.gz         FASTQ   DNA   1,364,511  194,485,598       57    142.5      143  142  143  143        0  143   97.35   93.98  43.85
MT1_7_2_MiFish.1.fq.gz         FASTQ   DNA   1,239,892  176,459,184       52    142.3      143  142  142  143        0  143   97.12    93.6  49.26
MT1_7_2_MiFish.2.fq.gz         FASTQ   DNA   1,239,892  176,563,603       52    142.4      143  142  142  143        0  142    97.2   93.72  44.44
MT1_7_3_MiFish.1.fq.gz         FASTQ   DNA   1,379,931  196,584,143       53    142.5      143  142  142  143        0  142   96.83   93.28  48.67
MT1_7_3_MiFish.2.fq.gz         FASTQ   DNA   1,379,931  196,619,811       53    142.5      143  142  142  143        0  142   97.12   93.51  43.54
MT1_7_4_MiFish.1.fq.gz         FASTQ   DNA     992,164  141,322,798       56    142.4      143  142  143  143        0  143   97.26   93.77  48.58
MT1_7_4_MiFish.2.fq.gz         FASTQ   DNA     992,164  141,376,707       56    142.5      143  142  143  143        0  143   97.25   93.76  43.84
MT1_7_5_MiFish.1.fq.gz         FASTQ   DNA   1,008,474  143,761,155       76    142.6      143  142  143  143        0  143    96.7   93.12  48.83
MT1_7_5_MiFish.2.fq.gz         FASTQ   DNA   1,008,474  143,669,801       76    142.5      143  142  142  143        0  142    97.1    93.5  44.26
MT1_7_WC_MiFish.1.fq.gz        FASTQ   DNA      36,224    5,176,161       59    142.9      143  143  143  143        0  143      96   91.53  46.88
MT1_7_WC_MiFish.2.fq.gz        FASTQ   DNA      36,224    5,177,158       59    142.9      143  143  143  143        0  143   96.34   91.88  41.93
MT1_8_1_MiFish.1.fq.gz         FASTQ   DNA   1,448,007  205,925,868       54    142.2      143  142  142  143        0  142   97.37   93.92  48.38
MT1_8_1_MiFish.2.fq.gz         FASTQ   DNA   1,448,007  206,381,010       54    142.5      143  142  143  143        0  143   97.16   93.56  43.42
MT1_8_2_MiFish.1.fq.gz         FASTQ   DNA   1,203,382  171,158,508       55    142.2      143  142  142  143        0  142    97.1   93.62  48.87
MT1_8_2_MiFish.2.fq.gz         FASTQ   DNA   1,203,382  171,529,416       55    142.5      143  142  143  143        0  143   97.16   93.59  44.06
MT1_8_3_MiFish.1.fq.gz         FASTQ   DNA   1,132,708  161,368,485       57    142.5      143  142  142  143        0  142   96.34   92.04  48.84
MT1_8_3_MiFish.2.fq.gz         FASTQ   DNA   1,132,708  161,539,492       57    142.6      143  142  143  143        0  143   97.06   93.45  43.91
MT1_8_4_MiFish.1.fq.gz         FASTQ   DNA   1,055,007  150,322,927       63    142.5      143  142  142  143        0  142   95.83   91.36  48.69
MT1_8_4_MiFish.2.fq.gz         FASTQ   DNA   1,055,007  150,404,189       63    142.6      143  142  143  143        0  143   97.01   93.43  43.99
MT1_8_5_MiFish.1.fq.gz         FASTQ   DNA   1,151,877  164,078,298       57    142.4      143  142  142  143        0  142   96.15   91.78  49.23
MT1_8_5_MiFish.2.fq.gz         FASTQ   DNA   1,151,877  164,135,788       57    142.5      143  142  142  143        0  142   97.15   93.71  44.66
MT1_8_WC_MiFish.1.fq.gz        FASTQ   DNA      78,567   11,229,921       71    142.9      143  143  143  143        0  143   96.09   91.66  47.19
MT1_8_WC_MiFish.2.fq.gz        FASTQ   DNA      78,567   11,231,412       71      143      143  143  143  143        0  143   96.47   92.03  42.32
MT1_9_1_MiFish.1.fq.gz         FASTQ   DNA   1,186,465  167,709,262       55    141.4      143  141  142  143        0  142   96.15   91.79  49.49
MT1_9_1_MiFish.2.fq.gz         FASTQ   DNA   1,186,465  169,079,694       55    142.5      143  142  143  143        0  143   96.97   93.36  44.34
MT1_9_2_MiFish.1.fq.gz         FASTQ   DNA     637,944   90,689,681       84    142.2      143  142  142  142        0  142   96.59   92.39  46.91
MT1_9_2_MiFish.2.fq.gz         FASTQ   DNA     637,944   90,898,820       84    142.5      143  142  142  143        0  142   97.01   93.29  41.88
MT1_9_3_MiFish.1.fq.gz         FASTQ   DNA     855,035  121,479,152       49    142.1      143  142  142  143        0  142   96.16   91.72  47.91
MT1_9_3_MiFish.2.fq.gz         FASTQ   DNA     855,035  121,748,141       49    142.4      143  142  142  143        0  142   96.88   93.23  42.66
MT1_9_4_MiFish.1.fq.gz         FASTQ   DNA   1,181,304  167,858,951       49    142.1      143  142  142  142        0  142   96.49   92.28  48.09
MT1_9_4_MiFish.2.fq.gz         FASTQ   DNA   1,181,304  168,036,419       49    142.2      143  142  142  142        0  142   97.12   93.57  42.39
MT1_9_5_MiFish.1.fq.gz         FASTQ   DNA     962,707  136,967,183       57    142.3      143  142  142  143        0  142   96.25   91.95  48.94
MT1_9_5_MiFish.2.fq.gz         FASTQ   DNA     962,707  137,122,537       57    142.4      143  142  142  143        0  142   97.05   93.51  44.16
MT1_9_WC_MiFish.1.fq.gz        FASTQ   DNA     103,521   14,795,544       60    142.9      143  143  143  143        0  143   96.28   91.85   46.6
MT1_9_WC_MiFish.2.fq.gz        FASTQ   DNA     103,521   14,797,532       60    142.9      143  143  143  143        0  143   96.56   92.06  41.06
MT1_BC_1_MiFish.1.fq.gz        FASTQ   DNA      48,756    6,930,407       59    142.1      143  142  142  142        0  142   97.06    93.2  38.02
MT1_BC_1_MiFish.2.fq.gz        FASTQ   DNA      48,756    6,929,715       59    142.1      143  142  142  142        0  142   97.17   93.45  36.32
MT1_BC_2_MiFish.1.fq.gz        FASTQ   DNA     103,654   14,814,383       89    142.9      143  143  143  143        0  143   95.96   91.45  45.99
MT1_BC_2_MiFish.2.fq.gz        FASTQ   DNA     103,654   14,816,423       89    142.9      143  143  143  143        0  143   96.59   92.15   40.8
MT1_BC_3_MiFish.1.fq.gz        FASTQ   DNA       6,444      918,924       89    142.6      143  142  143  143        0  143   95.32   91.15  47.94
MT1_BC_3_MiFish.2.fq.gz        FASTQ   DNA       6,444      918,629       89    142.6      143  142  143  143        0  143    95.6   91.46  43.42
MT1_BC_4_MiFish.1.fq.gz        FASTQ   DNA       5,851      834,389       63    142.6      143  142  143  143        0  143   93.77   88.92  48.45
MT1_BC_4_MiFish.2.fq.gz        FASTQ   DNA       5,851      833,736       63    142.5      143  142  143  143        0  143   94.46   89.87  43.59
MT1_EB_1_MiFish.1.fq.gz        FASTQ   DNA      10,868    1,549,802       59    142.6      143  143  143  143        0  143   95.77   91.86  49.31
MT1_EB_1_MiFish.2.fq.gz        FASTQ   DNA      10,868    1,550,139       59    142.6      143  143  143  143        0  143   95.72   91.57  47.27
MT1_EB_2_MiFish.1.fq.gz        FASTQ   DNA      80,119   11,443,879       60    142.8      143  143  143  143        0  143   96.61   92.33  39.47
MT1_EB_2_MiFish.2.fq.gz        FASTQ   DNA      80,119   11,401,219       60    142.3      143  142  142  143        0  142   96.82   92.82  36.87
MT1_EB_3_MiFish.1.fq.gz        FASTQ   DNA      21,950    3,136,497      137    142.9      143  143  143  143        0  143   96.27   92.13  48.29
MT1_EB_3_MiFish.2.fq.gz        FASTQ   DNA      21,950    3,136,361      137    142.9      143  143  143  143        0  143    96.7   92.68  44.56
MT1_EB_4_MiFish.1.fq.gz        FASTQ   DNA      32,349    4,621,670       63    142.9      143  143  143  143        0  143   95.51   90.71  46.81
MT1_EB_4_MiFish.2.fq.gz        FASTQ   DNA      32,349    4,621,439       63    142.9      143  143  143  143        0  143   96.31   91.82  41.33
NA_MiFish.1.fq.gz              FASTQ   DNA      69,838    9,953,190       57    142.5      143  142  143  143        0  143      96   92.19   48.6
NA_MiFish.2.fq.gz              FASTQ   DNA      69,838    9,958,776       57    142.6      143  142  143  143        0  143   95.96   92.01  43.99
NTC1_MiFish.1.fq.gz            FASTQ   DNA      41,496    5,919,026       54    142.6      143  142  143  143        0  143   95.12   90.77  48.98
NTC1_MiFish.2.fq.gz            FASTQ   DNA      41,496    5,911,980       54    142.5      143  142  142  143        0  142   95.23   90.99  43.49
NTC2_MiFish.1.fq.gz            FASTQ   DNA      45,686    6,506,954       55    142.4      143  142  143  143        0  143   95.45   90.99  48.79
NTC2_MiFish.2.fq.gz            FASTQ   DNA      45,686    6,515,521       55    142.6      143  142  143  143        0  143   96.22    92.4   43.9
NTC3_MiFish.1.fq.gz            FASTQ   DNA       6,252      874,037       62    139.8      143  142  143  143        0  143   93.73   88.65  48.24
NTC3_MiFish.2.fq.gz            FASTQ   DNA       6,252      873,899       62    139.8      143  142  143  143        0  143   94.83    90.2  43.18
RS1_CL_BC_MiFish.1.fq.gz       FASTQ   DNA      66,082    9,392,111       73    142.1      143  142  142  142        0  142   97.09    93.5  52.52
RS1_CL_BC_MiFish.2.fq.gz       FASTQ   DNA      66,082    9,443,198       73    142.9      143  143  143  143        0  143    96.7   92.79  46.83
RS1_CL_EB_MiFish.1.fq.gz       FASTQ   DNA     105,379   14,986,898       92    142.2      143  142  142  142        0  142   97.22   93.67  52.99
RS1_CL_EB_MiFish.2.fq.gz       FASTQ   DNA     105,379   15,061,589       92    142.9      143  143  143  143        0  143   96.79   92.94  48.01
RS1_CL_L1_1_MiFish.1.fq.gz     FASTQ   DNA   1,107,339  158,054,405       56    142.7      143  143  143  143        0  143   96.57   92.63  49.14
RS1_CL_L1_1_MiFish.2.fq.gz     FASTQ   DNA   1,107,339  157,912,862       56    142.6      143  142  143  143        0  143   96.89   93.36  44.78
RS1_CL_L1_2_MiFish.1.fq.gz     FASTQ   DNA     989,486  141,126,338       57    142.6      143  142  143  143        0  143   96.67   92.81  48.87
RS1_CL_L1_2_MiFish.2.fq.gz     FASTQ   DNA     989,486  140,990,187       57    142.5      143  142  142  143        0  142   96.89   93.33  44.45
RS1_CL_L1_3_MiFish.1.fq.gz     FASTQ   DNA     868,146  123,417,400       57    142.2      143  142  143  143        0  143   96.31   92.26  48.68
RS1_CL_L1_3_MiFish.2.fq.gz     FASTQ   DNA     868,146  123,770,720       57    142.6      143  142  143  143        0  143   96.87   93.35  44.56
RS1_CL_L1_4_MiFish.1.fq.gz     FASTQ   DNA     849,495  121,305,604       60    142.8      143  143  143  143        0  143   96.55   92.58  48.18
RS1_CL_L1_4_MiFish.2.fq.gz     FASTQ   DNA     849,495  121,166,223       60    142.6      143  142  143  143        0  143   96.88   93.21  42.75
RS1_CL_L1_5_MiFish.1.fq.gz     FASTQ   DNA     784,436  111,943,419       55    142.7      143  143  143  143        0  143   96.73   92.87  49.11
RS1_CL_L1_5_MiFish.2.fq.gz     FASTQ   DNA     784,436  111,801,010       55    142.5      143  142  143  143        0  143   97.03   93.52     45
RS1_CL_L1_WC_MiFish.1.fq.gz    FASTQ   DNA      26,044    3,671,508       68      141      143  143  143  143        0  143   95.75   91.19  46.79
RS1_CL_L1_WC_MiFish.2.fq.gz    FASTQ   DNA      26,044    3,673,944       68    141.1      143  143  143  143        0  143   96.52   92.22  41.34
RS1_CL_L2_1_MiFish.1.fq.gz     FASTQ   DNA     636,887   90,898,839       69    142.7      143  143  143  143        0  143   96.58   92.62  48.97
RS1_CL_L2_1_MiFish.2.fq.gz     FASTQ   DNA     636,887   90,734,821       69    142.5      143  142  142  143        0  142   96.94   93.43  44.11
RS1_CL_L2_2_MiFish.1.fq.gz     FASTQ   DNA     836,757  119,392,372       55    142.7      143  143  143  143        0  143   96.68   92.77  48.89
RS1_CL_L2_2_MiFish.2.fq.gz     FASTQ   DNA     836,757  119,130,612       55    142.4      143  142  142  143        0  142   96.96   93.46  44.14
RS1_CL_L2_3_MiFish.1.fq.gz     FASTQ   DNA     895,438  127,772,826       55    142.7      143  142  143  143        0  143    96.7   92.81   48.2
RS1_CL_L2_3_MiFish.2.fq.gz     FASTQ   DNA     895,438  127,564,348       55    142.5      143  142  142  143        0  142   96.97   93.45   43.9
RS1_CL_L2_4_MiFish.1.fq.gz     FASTQ   DNA     571,197   81,388,429       57    142.5      143  142  143  143        0  143   96.85   93.27   48.7
RS1_CL_L2_4_MiFish.2.fq.gz     FASTQ   DNA     571,197   81,438,169       57    142.6      143  142  143  143        0  143   96.66   92.97   44.4
RS1_CL_L2_5_MiFish.1.fq.gz     FASTQ   DNA     566,094   80,709,264       55    142.6      143  142  143  143        0  143   96.99   93.46  49.02
RS1_CL_L2_5_MiFish.2.fq.gz     FASTQ   DNA     566,094   80,608,469       55    142.4      143  142  142  143        0  142   96.81   93.25   44.5
RS1_CL_L2_WC_MiFish.1.fq.gz    FASTQ   DNA     164,366   23,302,749       49    141.8      143  142  142  142        0  142   96.69   92.91  49.76
RS1_CL_L2_WC_MiFish.2.fq.gz    FASTQ   DNA     164,366   23,306,545       49    141.8      143  142  142  142        0  142   96.82   92.84  44.82
RS1_CL_L3_1_MiFish.1.fq.gz     FASTQ   DNA     721,741  102,951,188       56    142.6      143  142  143  143        0  143   96.79   93.17  48.83
RS1_CL_L3_1_MiFish.2.fq.gz     FASTQ   DNA     721,741  102,836,345       56    142.5      143  142  142  143        0  142   96.72    93.1  44.35
RS1_CL_L3_2_MiFish.1.fq.gz     FASTQ   DNA     721,198  102,802,797       57    142.5      143  142  143  143        0  143   96.84   93.15  50.07
RS1_CL_L3_2_MiFish.2.fq.gz     FASTQ   DNA     721,198  102,862,500       57    142.6      143  142  143  143        0  143   96.45   92.55  45.05
RS1_CL_L3_3_MiFish.1.fq.gz     FASTQ   DNA     496,717   70,841,807       54    142.6      143  142  143  143        0  143   97.07   93.56  49.42
RS1_CL_L3_3_MiFish.2.fq.gz     FASTQ   DNA     496,717   70,841,382       56    142.6      143  142  143  143        0  143   96.92   93.32  44.88
RS1_CL_L3_4_MiFish.1.fq.gz     FASTQ   DNA     557,634   79,615,347       57    142.8      143  143  143  143        0  143   96.94   93.37  49.25
RS1_CL_L3_4_MiFish.2.fq.gz     FASTQ   DNA     557,634   79,527,047       57    142.6      143  142  143  143        0  143   96.71   93.05  44.47
RS1_CL_L3_5_MiFish.1.fq.gz     FASTQ   DNA     732,468  104,594,067       54    142.8      143  143  143  143        0  143   97.05   93.57  49.27
RS1_CL_L3_5_MiFish.2.fq.gz     FASTQ   DNA     732,468  104,442,875       54    142.6      143  142  143  143        0  143   96.69   92.93  44.83
RS1_CL_L3_WC_MiFish.1.fq.gz    FASTQ   DNA     182,933   26,142,845       77    142.9      143  143  143  143        0  143   96.17   91.68  46.17
RS1_CL_L3_WC_MiFish.2.fq.gz    FASTQ   DNA     182,933   26,149,415       77    142.9      143  143  143  143        0  143   96.79   92.43  40.59
RS1_CL_S1_1_MiFish.1.fq.gz     FASTQ   DNA     791,160  112,724,141       55    142.5      143  142  142  143        0  142   97.05   93.58  50.02
RS1_CL_S1_1_MiFish.2.fq.gz     FASTQ   DNA     791,160  112,662,179       55    142.4      143  142  142  143        0  142   96.65   92.97  44.23
RS1_CL_S1_2_MiFish.1.fq.gz     FASTQ   DNA   1,353,159  192,891,663       57    142.5      143  142  143  143        0  143   96.77   93.17  49.62
RS1_CL_S1_2_MiFish.2.fq.gz     FASTQ   DNA   1,353,159  192,706,683       57    142.4      143  142  142  143        0  142   96.42   92.71  44.04
RS1_CL_S1_3_MiFish.1.fq.gz     FASTQ   DNA   1,680,686  239,566,845       43    142.5      143  142  143  143        0  143   96.84   93.26  49.82
RS1_CL_S1_3_MiFish.2.fq.gz     FASTQ   DNA   1,680,686  239,382,516       43    142.4      143  142  142  143        0  142   96.52   92.85  43.85
RS1_CL_S1_4_MiFish.1.fq.gz     FASTQ   DNA   1,780,129  253,801,172       32    142.6      143  142  143  143        0  143   96.74   93.15   50.4
RS1_CL_S1_4_MiFish.2.fq.gz     FASTQ   DNA   1,780,129  253,517,758       32    142.4      143  142  142  143        0  142   96.48   92.82  44.03
RS1_CL_S1_5_MiFish.1.fq.gz     FASTQ   DNA   1,840,920  262,614,116       32    142.7      143  142  143  143        0  143   96.91   93.36  50.94
RS1_CL_S1_5_MiFish.2.fq.gz     FASTQ   DNA   1,840,920  262,310,882       32    142.5      143  142  142  143        0  142   96.55   92.88  44.45
RS1_CL_S1_WC_MiFish.1.fq.gz    FASTQ   DNA     194,865   27,777,656       60    142.5      143  142  143  143        0  143   96.28   92.01  43.06
RS1_CL_S1_WC_MiFish.2.fq.gz    FASTQ   DNA     194,865   27,794,308       60    142.6      143  142  143  143        0  143   96.72   92.53  37.27
RS1_CL_S2_1_MiFish.1.fq.gz     FASTQ   DNA     973,539  138,948,692       56    142.7      143  142  143  143        0  143   97.03   93.51  49.79
RS1_CL_S2_1_MiFish.2.fq.gz     FASTQ   DNA     973,539  138,522,313       56    142.3      143  142  142  143        0  142   96.56   92.83  42.91
RS1_CL_S2_2_MiFish.1.fq.gz     FASTQ   DNA   1,023,862  146,126,976       63    142.7      143  142  143  143        0  143   96.82   93.25  49.34
RS1_CL_S2_2_MiFish.2.fq.gz     FASTQ   DNA   1,023,862  145,700,995       63    142.3      143  142  142  143        0  142   96.27   92.39  42.74
RS1_CL_S2_3_MiFish.1.fq.gz     FASTQ   DNA   1,198,593  171,072,605       32    142.7      143  143  143  143        0  143   96.87   93.29  49.22
RS1_CL_S2_3_MiFish.2.fq.gz     FASTQ   DNA   1,198,593  170,580,645       32    142.3      143  142  142  143        0  142   96.23   92.36  43.03
RS1_CL_S2_4_MiFish.1.fq.gz     FASTQ   DNA   1,212,256  172,952,699       53    142.7      143  142  143  143        0  143   96.74   93.05  48.99
RS1_CL_S2_4_MiFish.2.fq.gz     FASTQ   DNA   1,212,256  172,607,350       53    142.4      143  142  142  143        0  142   96.41   92.62  42.68
RS1_CL_S2_5_MiFish.1.fq.gz     FASTQ   DNA   1,051,393  149,744,766       52    142.4      143  142  143  143        0  143   96.43   92.24   49.5
RS1_CL_S2_5_MiFish.2.fq.gz     FASTQ   DNA   1,051,393  149,646,956       52    142.3      143  142  142  143        0  142   97.03   93.54  42.57
RS1_CL_S2_WC_MiFish.1.fq.gz    FASTQ   DNA     146,361   20,916,772       77    142.9      143  143  143  143        0  143   95.73   90.97  46.69
RS1_CL_S2_WC_MiFish.2.fq.gz    FASTQ   DNA     146,361   20,921,337       86    142.9      143  143  143  143        0  143   96.55   92.14  41.62
RS1_CL_S3_1_MiFish.1.fq.gz     FASTQ   DNA   1,001,025  142,881,062       51    142.7      143  143  143  143        0  143   96.23    91.8  47.82
RS1_CL_S3_1_MiFish.2.fq.gz     FASTQ   DNA   1,001,025  142,912,058       51    142.8      143  143  143  143        0  143   97.28   93.95  43.33
RS1_CL_S3_2_MiFish.1.fq.gz     FASTQ   DNA   1,030,317  147,041,057       56    142.7      143  142  143  143        0  143   96.09   91.62  48.65
RS1_CL_S3_2_MiFish.2.fq.gz     FASTQ   DNA   1,030,317  146,936,842       56    142.6      143  142  143  143        0  143   97.27   94.02   43.5
RS1_CL_S3_3_MiFish.1.fq.gz     FASTQ   DNA   1,246,371  177,866,241       56    142.7      143  143  143  143        0  143   96.24    91.8  48.56
RS1_CL_S3_3_MiFish.2.fq.gz     FASTQ   DNA   1,246,371  177,909,663       56    142.7      143  143  143  143        0  143   97.31      94  43.85
RS1_CL_S3_4_MiFish.1.fq.gz     FASTQ   DNA     667,138   95,222,394       53    142.7      143  143  143  143        0  143   96.34   91.96  48.57
RS1_CL_S3_4_MiFish.2.fq.gz     FASTQ   DNA     667,138   95,225,028       53    142.7      143  142  143  143        0  143   97.36   94.02  43.78
RS1_CL_S3_5_MiFish.1.fq.gz     FASTQ   DNA     716,385  102,229,489       60    142.7      143  142  143  143        0  143   96.17   91.68  48.03
RS1_CL_S3_5_MiFish.2.fq.gz     FASTQ   DNA     716,385  102,249,492       60    142.7      143  142  143  143        0  143   97.19    93.8  43.57
RS1_CL_S3_WC_MiFish.1.fq.gz    FASTQ   DNA     163,446   23,359,667       74    142.9      143  143  143  143        0  143   96.26   91.88  46.35
RS1_CL_S3_WC_MiFish.2.fq.gz    FASTQ   DNA     163,446   23,362,696       74    142.9      143  143  143  143        0  143   96.74   92.41  40.04
RS1_CL_S4_1_MiFish.1.fq.gz     FASTQ   DNA   1,053,919  150,413,466       52    142.7      143  143  143  143        0  143   96.26   91.84  48.84
RS1_CL_S4_1_MiFish.2.fq.gz     FASTQ   DNA   1,053,919  150,391,807       52    142.7      143  142  143  143        0  143   97.24   93.86  44.06
RS1_CL_S4_2_MiFish.1.fq.gz     FASTQ   DNA     811,243  115,807,008       55    142.8      143  143  143  143        0  143    96.1   91.56  48.89
RS1_CL_S4_2_MiFish.2.fq.gz     FASTQ   DNA     811,243  115,768,617       55    142.7      143  142  143  143        0  143   97.18   93.79  43.95
RS1_CL_S4_3_MiFish.1.fq.gz     FASTQ   DNA   1,188,680  169,672,191       57    142.7      143  143  143  143        0  143   96.81   92.94   48.2
RS1_CL_S4_3_MiFish.2.fq.gz     FASTQ   DNA   1,188,680  169,659,410       57    142.7      143  142  143  143        0  143   96.92    93.3  43.38
RS1_CL_S4_4_MiFish.1.fq.gz     FASTQ   DNA   1,177,818  168,043,716       41    142.7      143  143  143  143        0  143   96.95   93.21  48.48
RS1_CL_S4_4_MiFish.2.fq.gz     FASTQ   DNA   1,177,818  168,017,136       41    142.7      143  142  143  143        0  143   97.04   93.51   43.8
RS1_CL_S4_5_MiFish.1.fq.gz     FASTQ   DNA   1,178,149  168,120,491       57    142.7      143  142  143  143        0  143   96.77   92.93  48.44
RS1_CL_S4_5_MiFish.2.fq.gz     FASTQ   DNA   1,178,149  168,088,852       57    142.7      143  142  143  143        0  143   96.98   93.47  43.64
RS1_CL_S4_WC_MiFish.1.fq.gz    FASTQ   DNA     228,830   32,663,036       57    142.7      143  142  143  143        0  143   95.76   91.03  46.69
RS1_CL_S4_WC_MiFish.2.fq.gz    FASTQ   DNA     228,830   32,711,342       57      143      143  143  143  143        0  143   96.61    92.3  41.09
RS1_IM_BC_MiFish.1.fq.gz       FASTQ   DNA      11,890    1,694,589       64    142.5      143  142  143  143        0  143    95.1   90.72  48.24
RS1_IM_BC_MiFish.2.fq.gz       FASTQ   DNA      11,890    1,694,811       73    142.5      143  142  143  143        0  143   95.65   91.49  43.33
RS1_IM_EB_MiFish.1.fq.gz       FASTQ   DNA      13,492    1,925,626       64    142.7      143  143  143  143        0  143   95.85    91.9  51.47
RS1_IM_EB_MiFish.2.fq.gz       FASTQ   DNA      13,492    1,925,565       64    142.7      143  142  143  143        0  143   95.94   91.86  46.15
RS1_IM_L1_1_MiFish.1.fq.gz     FASTQ   DNA     917,214  130,803,348       63    142.6      143  142  143  143        0  143   96.81      93   49.1
RS1_IM_L1_1_MiFish.2.fq.gz     FASTQ   DNA     917,214  130,647,660       73    142.4      143  142  142  143        0  142   96.96   93.39  44.51
RS1_IM_L1_2_MiFish.1.fq.gz     FASTQ   DNA     936,020  133,586,318       57    142.7      143  142  143  143        0  143   97.13   93.46  48.82
RS1_IM_L1_2_MiFish.2.fq.gz     FASTQ   DNA     936,020  133,357,190       57    142.5      143  142  142  143        0  142    97.2   93.77  44.09
RS1_IM_L1_3_MiFish.1.fq.gz     FASTQ   DNA     704,137  100,361,726       63    142.5      143  142  143  143        0  143   96.92    93.2  48.76
RS1_IM_L1_3_MiFish.2.fq.gz     FASTQ   DNA     704,137  100,321,521       63    142.5      143  142  142  143        0  142      97   93.44  43.84
RS1_IM_L1_4_MiFish.1.fq.gz     FASTQ   DNA     994,720  141,965,743       56    142.7      143  143  143  143        0  143   96.96   93.27  48.93
RS1_IM_L1_4_MiFish.2.fq.gz     FASTQ   DNA     994,720  141,699,563       56    142.5      143  142  142  143        0  142   96.98   93.42  44.49
RS1_IM_L1_5_MiFish.1.fq.gz     FASTQ   DNA     860,403  122,708,524       55    142.6      143  142  143  143        0  143   96.97   93.25  48.82
RS1_IM_L1_5_MiFish.2.fq.gz     FASTQ   DNA     860,403  122,589,337       55    142.5      143  142  142  143        0  142   96.98   93.42  44.52
RS1_IM_L1_WC_MiFish.1.fq.gz    FASTQ   DNA     183,487   26,216,669       57    142.9      143  143  143  143        0  143    96.1   91.63  42.18
RS1_IM_L1_WC_MiFish.2.fq.gz    FASTQ   DNA     183,487   26,143,607       57    142.5      143  142  142  143        0  142   96.92    92.9  38.36
RS1_IM_L2_1_MiFish.1.fq.gz     FASTQ   DNA     853,296  121,749,495       71    142.7      143  143  143  143        0  143   97.16   93.65  48.78
RS1_IM_L2_1_MiFish.2.fq.gz     FASTQ   DNA     853,296  121,720,766       71    142.6      143  142  143  143        0  143   97.08   93.58  44.95
RS1_IM_L2_2_MiFish.1.fq.gz     FASTQ   DNA     779,583  111,271,244       55    142.7      143  143  143  143        0  143   97.35      94  48.12
RS1_IM_L2_2_MiFish.2.fq.gz     FASTQ   DNA     779,583  111,269,440       55    142.7      143  143  143  143        0  143   97.15    93.6  42.65
RS1_IM_L2_3_MiFish.1.fq.gz     FASTQ   DNA     806,329  115,051,370       40    142.7      143  142  143  143        0  143   97.01   93.47  49.17
RS1_IM_L2_3_MiFish.2.fq.gz     FASTQ   DNA     806,329  114,955,656       40    142.6      143  142  143  143        0  143   97.06   93.62  45.23
RS1_IM_L2_4_MiFish.1.fq.gz     FASTQ   DNA     634,134   90,527,574       40    142.8      143  143  143  143        0  143   97.15   93.61     48
RS1_IM_L2_4_MiFish.2.fq.gz     FASTQ   DNA     634,134   90,482,624       40    142.7      143  142  143  143        0  143   97.06   93.56  44.16
RS1_IM_L2_5_MiFish.1.fq.gz     FASTQ   DNA     635,333   90,739,427       62    142.8      143  143  143  143        0  143   97.31   93.87  48.73
RS1_IM_L2_5_MiFish.2.fq.gz     FASTQ   DNA     635,333   90,547,465       62    142.5      143  142  143  143        0  143   97.24   93.84  45.19
RS1_IM_L2_WC_MiFish.1.fq.gz    FASTQ   DNA      46,333    6,617,245       53    142.8      143  143  143  143        0  143    96.1    91.7  46.63
RS1_IM_L2_WC_MiFish.2.fq.gz    FASTQ   DNA      46,333    6,618,710       53    142.9      143  143  143  143        0  143   96.54   92.29  40.78
RS1_IM_L3_1_MiFish.1.fq.gz     FASTQ   DNA     655,945   93,688,484       40    142.8      143  143  143  143        0  143   97.15   93.43  46.25
RS1_IM_L3_1_MiFish.2.fq.gz     FASTQ   DNA     655,945   93,679,257       40    142.8      143  143  143  143        0  143   97.15   93.72  43.01
RS1_IM_L3_2_MiFish.1.fq.gz     FASTQ   DNA     845,073  120,587,831       59    142.7      143  142  143  143        0  143   97.15   93.53  48.34
RS1_IM_L3_2_MiFish.2.fq.gz     FASTQ   DNA     845,073  120,515,401       59    142.6      143  142  143  143        0  143   97.04   93.46  44.34
RS1_IM_L3_3_MiFish.1.fq.gz     FASTQ   DNA     656,152   93,579,988       40    142.6      143  143  143  143        0  143   97.11   93.46  48.02
RS1_IM_L3_3_MiFish.2.fq.gz     FASTQ   DNA     656,152   93,597,718       40    142.6      143  142  143  143        0  143   97.05   93.54  44.02
RS1_IM_L3_4_MiFish.1.fq.gz     FASTQ   DNA     966,786  138,046,282       55    142.8      143  143  143  143        0  143   96.72   92.88  48.04
RS1_IM_L3_4_MiFish.2.fq.gz     FASTQ   DNA     966,786  137,861,461       55    142.6      143  142  143  143        0  143   96.92   93.36     44
RS1_IM_L3_5_MiFish.1.fq.gz     FASTQ   DNA     953,485  136,173,511       63    142.8      143  143  143  143        0  143    96.7    92.8  46.91
RS1_IM_L3_5_MiFish.2.fq.gz     FASTQ   DNA     953,485  136,088,043       63    142.7      143  142  143  143        0  143   96.89   93.33  43.73
RS1_IM_L3_WC_MiFish.1.fq.gz    FASTQ   DNA      90,677   12,915,053       57    142.4      143  142  143  143        0  143   94.38    89.3  48.84
RS1_IM_L3_WC_MiFish.2.fq.gz    FASTQ   DNA      90,677   12,948,312       69    142.8      143  143  143  143        0  143   96.15   91.67  42.98
RS1_IM_S1_1_MiFish.1.fq.gz     FASTQ   DNA   1,552,234  221,183,675       57    142.5      143  142  143  143        0  143   96.72   92.95   49.5
RS1_IM_S1_1_MiFish.2.fq.gz     FASTQ   DNA   1,552,234  221,162,878       63    142.5      143  142  142  143        0  142   96.44   92.66  43.81
RS1_IM_S1_2_MiFish.1.fq.gz     FASTQ   DNA   1,381,846  197,075,149       57    142.6      143  142  143  143        0  143   96.85   93.15  49.32
RS1_IM_S1_2_MiFish.2.fq.gz     FASTQ   DNA   1,381,846  196,674,282       57    142.3      143  142  142  143        0  142   96.64   92.94  44.37
RS1_IM_S1_3_MiFish.1.fq.gz     FASTQ   DNA     970,165  138,364,614       64    142.6      143  142  143  143        0  143   96.89   93.17  49.69
RS1_IM_S1_3_MiFish.2.fq.gz     FASTQ   DNA     970,165  138,187,792       64    142.4      143  142  142  143        0  142   96.62   92.95  44.49
RS1_IM_S1_4_MiFish.1.fq.gz     FASTQ   DNA   1,007,607  143,716,285       63    142.6      143  142  143  143        0  143    96.8   93.04  50.02
RS1_IM_S1_4_MiFish.2.fq.gz     FASTQ   DNA   1,007,607  143,451,545       63    142.4      143  142  142  143        0  142   96.38   92.59  45.13
RS1_IM_S1_5_MiFish.1.fq.gz     FASTQ   DNA   1,722,674  245,752,136       55    142.7      143  142  143  143        0  143   96.91   93.25  49.31
RS1_IM_S1_5_MiFish.2.fq.gz     FASTQ   DNA   1,722,674  245,403,251       63    142.5      143  142  142  143        0  142   96.57   92.86  44.61
RS1_IM_S1_WC_MiFish.1.fq.gz    FASTQ   DNA      88,515   12,651,148       55    142.9      143  143  143  143        0  143   95.99   91.43  46.43
RS1_IM_S1_WC_MiFish.2.fq.gz    FASTQ   DNA      88,515   12,652,887       55    142.9      143  143  143  143        0  143   96.54   92.05  40.81
RS1_IM_S2_1_MiFish.1.fq.gz     FASTQ   DNA   1,184,663  168,661,137       55    142.4      143  142  142  143        0  142   96.79   93.06  50.78
RS1_IM_S2_1_MiFish.2.fq.gz     FASTQ   DNA   1,184,663  168,603,541       55    142.3      143  142  142  143        0  142   96.78    93.2  44.64
RS1_IM_S2_2_MiFish.1.fq.gz     FASTQ   DNA     635,625   90,685,563       57    142.7      143  142  143  143        0  143   96.96   93.31  49.49
RS1_IM_S2_2_MiFish.2.fq.gz     FASTQ   DNA     635,625   90,503,707       57    142.4      143  142  142  143        0  142   96.68      93  43.48
RS1_IM_S2_3_MiFish.1.fq.gz     FASTQ   DNA     578,120   82,303,890       57    142.4      143  142  142  143        0  142   96.86   93.24  49.34
RS1_IM_S2_3_MiFish.2.fq.gz     FASTQ   DNA     578,120   82,377,868       57    142.5      143  142  142  143        0  142   96.87    93.3  43.35
RS1_IM_S2_4_MiFish.1.fq.gz     FASTQ   DNA     613,873   87,463,403       56    142.5      143  142  143  143        0  143    96.8    93.1   50.5
RS1_IM_S2_4_MiFish.2.fq.gz     FASTQ   DNA     613,873   87,389,921       56    142.4      143  142  142  143        0  142   96.75   93.14  43.98
RS1_IM_S2_5_MiFish.1.fq.gz     FASTQ   DNA     806,422  114,911,670       55    142.5      143  142  143  143        0  143   96.98   93.37  50.31
RS1_IM_S2_5_MiFish.2.fq.gz     FASTQ   DNA     806,422  114,836,894       56    142.4      143  142  142  143        0  142   96.85   93.25  44.05
RS1_IM_S2_WC_MiFish.1.fq.gz    FASTQ   DNA     100,400   14,347,372       61    142.9      143  143  143  143        0  143   95.74   91.14   45.7
RS1_IM_S2_WC_MiFish.2.fq.gz    FASTQ   DNA     100,400   14,350,306       61    142.9      143  143  143  143        0  143   96.21   91.59  40.57
RS1_IM_S3_1_MiFish.1.fq.gz     FASTQ   DNA     349,068   49,839,970       48    142.8      143  143  143  143        0  143   96.94    93.1  47.03
RS1_IM_S3_1_MiFish.2.fq.gz     FASTQ   DNA     349,068   49,842,215       57    142.8      143  143  143  143        0  143      97   93.38  42.75
RS1_IM_S3_2_MiFish.1.fq.gz     FASTQ   DNA     300,544   42,915,422       57    142.8      143  143  143  143        0  143   96.76   92.85  47.26
RS1_IM_S3_2_MiFish.2.fq.gz     FASTQ   DNA     300,544   42,895,827       57    142.7      143  142  143  143        0  143   96.77   93.03  42.97
RS1_IM_S3_3_MiFish.1.fq.gz     FASTQ   DNA     654,495   93,545,506       58    142.9      143  143  143  143        0  143    96.7   92.84  46.28
RS1_IM_S3_3_MiFish.2.fq.gz     FASTQ   DNA     654,495   93,553,078       58    142.9      143  143  143  143        0  143   96.91   93.09  42.07
RS1_IM_S3_4_MiFish.1.fq.gz     FASTQ   DNA     356,956   50,904,527       55    142.6      143  142  143  143        0  143   96.73   92.76   47.1
RS1_IM_S3_4_MiFish.2.fq.gz     FASTQ   DNA     356,956   50,946,853       55    142.7      143  143  143  143        0  143    96.8    93.1  42.78
RS1_IM_S3_5_MiFish.1.fq.gz     FASTQ   DNA     705,475  100,671,259       57    142.7      143  142  143  143        0  143   96.98   93.17   47.4
RS1_IM_S3_5_MiFish.2.fq.gz     FASTQ   DNA     705,475  100,763,584       57    142.8      143  143  143  143        0  143   97.02   93.43  42.92
RS1_IM_S3_WC_MiFish.1.fq.gz    FASTQ   DNA      93,694   13,391,949       56    142.9      143  143  143  143        0  143   95.66   90.92  46.35
RS1_IM_S3_WC_MiFish.2.fq.gz    FASTQ   DNA      93,694   13,393,449       56    142.9      143  143  143  143        0  143   96.34   91.89  40.99
RS1_IM_S4_1_MiFish.1.fq.gz     FASTQ   DNA     697,226   99,408,109       58    142.6      143  142  143  143        0  143   96.92   93.15  48.66
RS1_IM_S4_1_MiFish.2.fq.gz     FASTQ   DNA     697,226   99,521,703       58    142.7      143  142  143  143        0  143   97.05   93.51  43.55
RS1_IM_S4_2_MiFish.1.fq.gz     FASTQ   DNA     791,614  112,844,024       63    142.5      143  142  143  143        0  143   96.84   93.02  48.54
RS1_IM_S4_2_MiFish.2.fq.gz     FASTQ   DNA     791,614  112,996,007       63    142.7      143  142  143  143        0  143   97.05   93.55  43.47
RS1_IM_S4_3_MiFish.1.fq.gz     FASTQ   DNA     597,677   85,267,395       56    142.7      143  142  143  143        0  143   96.79   92.93   48.7
RS1_IM_S4_3_MiFish.2.fq.gz     FASTQ   DNA     597,677   85,301,540       57    142.7      143  142  143  143        0  143   96.82   93.11  43.67
RS1_IM_S4_4_MiFish.1.fq.gz     FASTQ   DNA     745,550  106,340,595       57    142.6      143  142  143  143        0  143   97.02   93.28  48.63
RS1_IM_S4_4_MiFish.2.fq.gz     FASTQ   DNA     745,550  106,429,294       57    142.8      143  143  143  143        0  143   97.18   93.66  43.69
RS1_IM_S4_5_MiFish.1.fq.gz     FASTQ   DNA     555,349   79,209,886       62    142.6      143  142  143  143        0  143   96.97   93.24  48.83
RS1_IM_S4_5_MiFish.2.fq.gz     FASTQ   DNA     555,349   79,254,635       62    142.7      143  142  143  143        0  143   97.03   93.44  43.88
RS1_IM_S4_WC_MiFish.1.fq.gz    FASTQ   DNA      78,071   11,138,940       54    142.7      143  143  143  143        0  143   95.44    90.7  45.72
RS1_IM_S4_WC_MiFish.2.fq.gz    FASTQ   DNA      78,071   11,140,166       54    142.7      143  143  143  143        0  143   96.43   91.93  40.45
RS1_ME_BC_MiFish.1.fq.gz       FASTQ   DNA      29,285    4,185,350      137    142.9      143  143  143  143        0  143   97.06   93.56   51.3
RS1_ME_BC_MiFish.2.fq.gz       FASTQ   DNA      29,285    4,185,267      139    142.9      143  143  143  143        0  143   97.11   93.57  46.44
RS1_ME_EB_MiFish.1.fq.gz       FASTQ   DNA     151,252   21,594,579       40    142.8      143  143  143  143        0  143   97.22   93.79     47
RS1_ME_EB_MiFish.2.fq.gz       FASTQ   DNA     151,252   21,561,115       40    142.6      143  142  143  143        0  143   97.43   94.26  43.18
RS1_ME_L1_1_MiFish.1.fq.gz     FASTQ   DNA     843,910  120,468,513       36    142.8      143  143  143  143        0  143   97.28   93.77  50.14
RS1_ME_L1_1_MiFish.2.fq.gz     FASTQ   DNA     843,910  120,526,595       36    142.8      143  143  143  143        0  143    97.1   93.59  45.21
RS1_ME_L1_2_MiFish.1.fq.gz     FASTQ   DNA     909,989  129,751,984       55    142.6      143  142  143  143        0  143    97.2    93.7  51.81
RS1_ME_L1_2_MiFish.2.fq.gz     FASTQ   DNA     909,989  129,917,043       55    142.8      143  143  143  143        0  143   97.07    93.5  47.61
RS1_ME_L1_3_MiFish.1.fq.gz     FASTQ   DNA     706,763  100,687,727       59    142.5      143  142  143  143        0  143   97.27   93.88  51.32
RS1_ME_L1_3_MiFish.2.fq.gz     FASTQ   DNA     706,763  100,756,898       70    142.6      143  142  143  143        0  143   97.08   93.54   46.4
RS1_ME_L1_4_MiFish.1.fq.gz     FASTQ   DNA     681,545   97,240,310       59    142.7      143  142  143  143        0  143   97.32   93.83  49.74
RS1_ME_L1_4_MiFish.2.fq.gz     FASTQ   DNA     681,545   97,194,794       59    142.6      143  142  143  143        0  143   97.16   93.68  44.12
RS1_ME_L1_5_MiFish.1.fq.gz     FASTQ   DNA     700,524   99,957,567       57    142.7      143  142  143  143        0  143   97.06   93.52  51.14
RS1_ME_L1_5_MiFish.2.fq.gz     FASTQ   DNA     700,524   99,994,548       57    142.7      143  142  143  143        0  143    96.9   93.32  45.85
RS1_ME_L1_WC_MiFish.1.fq.gz    FASTQ   DNA       5,298      756,344      138    142.8      143  143  143  143        0  143   94.73   89.89  47.33
RS1_ME_L1_WC_MiFish.2.fq.gz    FASTQ   DNA       5,298      756,215      140    142.7      143  142  143  143        0  143   95.38    90.8  42.09
RS1_ME_L2_1_MiFish.1.fq.gz     FASTQ   DNA     567,067   80,808,821       58    142.5      143  142  143  143        0  143   96.84   93.16   48.6
RS1_ME_L2_1_MiFish.2.fq.gz     FASTQ   DNA     567,067   80,982,873       58    142.8      143  143  143  143        0  143   96.79   93.03  44.37
RS1_ME_L2_2_MiFish.1.fq.gz     FASTQ   DNA     576,977   81,504,274       71    141.3      143  138  142  143        0  142   97.38   93.98  48.63
RS1_ME_L2_2_MiFish.2.fq.gz     FASTQ   DNA     576,977   82,340,017       71    142.7      143  142  143  143        0  143   96.98   93.34  43.44
RS1_ME_L2_3_MiFish.1.fq.gz     FASTQ   DNA     514,698   73,358,579       76    142.5      143  142  143  143        0  143   97.13   93.57  49.25
RS1_ME_L2_3_MiFish.2.fq.gz     FASTQ   DNA     514,698   73,402,327       76    142.6      143  142  143  143        0  143   96.98   93.38  44.38
RS1_ME_L2_4_MiFish.1.fq.gz     FASTQ   DNA     754,895  107,321,206       59    142.2      143  142  142  143        0  142   97.31   93.85  49.32
RS1_ME_L2_4_MiFish.2.fq.gz     FASTQ   DNA     754,895  107,642,789       59    142.6      143  142  143  143        0  143   97.11   93.61  44.74
RS1_ME_L2_5_MiFish.1.fq.gz     FASTQ   DNA     616,912   87,779,676       57    142.3      143  142  142  143        0  142   97.16    93.5  48.83
RS1_ME_L2_5_MiFish.2.fq.gz     FASTQ   DNA     616,912   87,874,233       57    142.4      143  142  142  143        0  142   96.94   93.29  44.27
RS1_ME_L2_WC_MiFish.1.fq.gz    FASTQ   DNA     109,704   15,679,663      125    142.9      143  143  143  143        0  143   95.35   90.41  44.45
RS1_ME_L2_WC_MiFish.2.fq.gz    FASTQ   DNA     109,704   15,682,924      125      143      143  143  143  143        0  143    96.5   92.07  38.92
RS1_ME_L3_1_MiFish.1.fq.gz     FASTQ   DNA   1,123,575  160,379,084       56    142.7      143  142  143  143        0  143   96.59   92.79  50.95
RS1_ME_L3_1_MiFish.2.fq.gz     FASTQ   DNA   1,123,575  160,156,013       56    142.5      143  142  143  143        0  143    96.5   92.62  45.63
RS1_ME_L3_2_MiFish.1.fq.gz     FASTQ   DNA   1,058,602  151,054,981       54    142.7      143  142  143  143        0  143   96.77   92.99  50.07
RS1_ME_L3_2_MiFish.2.fq.gz     FASTQ   DNA   1,058,602  150,898,408       54    142.5      143  142  143  143        0  143   96.64   92.84  44.73
RS1_ME_L3_3_MiFish.1.fq.gz     FASTQ   DNA   1,164,296  166,131,259       58    142.7      143  142  143  143        0  143   96.64   92.82  50.24
RS1_ME_L3_3_MiFish.2.fq.gz     FASTQ   DNA   1,164,296  166,182,815       58    142.7      143  142  143  143        0  143   96.73   93.17  45.77
RS1_ME_L3_4_MiFish.1.fq.gz     FASTQ   DNA     919,687  131,398,199       67    142.9      143  143  143  143        0  143   96.69   92.88  48.65
RS1_ME_L3_4_MiFish.2.fq.gz     FASTQ   DNA     919,687  131,040,466       67    142.5      143  142  142  143        0  142   96.74    93.1  44.16
RS1_ME_L3_5_MiFish.1.fq.gz     FASTQ   DNA     824,965  117,622,394       58    142.6      143  142  143  143        0  143   96.87   93.13  50.51
RS1_ME_L3_5_MiFish.2.fq.gz     FASTQ   DNA     824,965  117,770,540       58    142.8      143  143  143  143        0  143   96.69   92.91  45.97
RS1_ME_L3_WC_MiFish.1.fq.gz    FASTQ   DNA      66,295    9,472,511      137    142.9      143  143  143  143        0  143   95.97   91.39  46.22
RS1_ME_L3_WC_MiFish.2.fq.gz    FASTQ   DNA      66,295    9,474,310      138    142.9      143  143  143  143        0  143   96.76   92.43  40.63
RS1_ME_S1_1_MiFish.1.fq.gz     FASTQ   DNA     663,277   94,784,214       59    142.9      143  143  143  143        0  143   96.77   92.79  45.81
RS1_ME_S1_1_MiFish.2.fq.gz     FASTQ   DNA     663,277   94,770,482       63    142.9      143  143  143  143        0  143   96.76   93.07  42.42
RS1_ME_S1_2_MiFish.1.fq.gz     FASTQ   DNA   1,277,946  182,596,536       57    142.9      143  143  143  143        0  143   96.95   93.18  46.52
RS1_ME_S1_2_MiFish.2.fq.gz     FASTQ   DNA   1,277,946  182,356,903       57    142.7      143  142  143  143        0  143   96.79    93.1  42.05
RS1_ME_S1_3_MiFish.1.fq.gz     FASTQ   DNA     850,163  121,478,074       57    142.9      143  143  143  143        0  143   96.84   92.97  45.74
RS1_ME_S1_3_MiFish.2.fq.gz     FASTQ   DNA     850,163  121,435,751       57    142.8      143  143  143  143        0  143   96.87   93.32  42.18
RS1_ME_S1_4_MiFish.1.fq.gz     FASTQ   DNA   1,108,084  158,088,241       57    142.7      143  142  143  143        0  143   96.64   92.53  46.58
RS1_ME_S1_4_MiFish.2.fq.gz     FASTQ   DNA   1,108,084  158,329,185       57    142.9      143  143  143  143        0  143   97.09   93.63   42.4
RS1_ME_S1_5_MiFish.1.fq.gz     FASTQ   DNA   1,055,013  150,772,406       62    142.9      143  143  143  143        0  143   96.82    92.9  45.57
RS1_ME_S1_5_MiFish.2.fq.gz     FASTQ   DNA   1,055,013  150,732,268       62    142.9      143  143  143  143        0  143    97.2   93.83  42.02
RS1_ME_S1_WC_MiFish.1.fq.gz    FASTQ   DNA     102,106   14,528,470       54    142.3      143  143  143  143        0  143   96.47   92.42  48.46
RS1_ME_S1_WC_MiFish.2.fq.gz    FASTQ   DNA     102,106   14,489,072       54    141.9      143  142  142  143        0  142   96.77   92.58  42.52
RS1_ME_S2_1_MiFish.1.fq.gz     FASTQ   DNA   1,631,040  232,418,480       63    142.5      143  142  143  143        0  143   96.85   93.17  50.64
RS1_ME_S2_1_MiFish.2.fq.gz     FASTQ   DNA   1,631,040  231,854,785       63    142.2      143  142  142  142        0  142    97.1   93.71  43.96
RS1_ME_S2_2_MiFish.1.fq.gz     FASTQ   DNA   1,545,733  220,479,719       57    142.6      143  142  143  143        0  143   96.95   93.27  49.83
RS1_ME_S2_2_MiFish.2.fq.gz     FASTQ   DNA   1,545,733  219,864,881       57    142.2      143  142  142  142        0  142   96.98   93.39  43.49
RS1_ME_S2_3_MiFish.1.fq.gz     FASTQ   DNA   1,037,097  147,987,217       79    142.7      143  142  143  143        0  143   97.11   93.53  50.53
RS1_ME_S2_3_MiFish.2.fq.gz     FASTQ   DNA   1,037,097  147,463,327       79    142.2      143  142  142  142        0  142   97.02    93.5  43.16
RS1_ME_S2_4_MiFish.1.fq.gz     FASTQ   DNA   1,146,186  163,572,016       57    142.7      143  142  143  143        0  143   96.99   93.37  49.99
RS1_ME_S2_4_MiFish.2.fq.gz     FASTQ   DNA   1,146,186  163,021,340       57    142.2      143  142  142  142        0  142   96.99   93.42  42.87
RS1_ME_S2_5_MiFish.1.fq.gz     FASTQ   DNA   1,585,488  226,163,377       63    142.6      143  142  143  143        0  143   96.89   93.13  52.01
RS1_ME_S2_5_MiFish.2.fq.gz     FASTQ   DNA   1,585,488  225,401,442       63    142.2      143  142  142  142        0  142    96.9   93.23  45.83
RS1_ME_S2_WC_MiFish.1.fq.gz    FASTQ   DNA     138,485   19,792,965      113    142.9      143  143  143  143        0  143   96.24   91.76  46.39
RS1_ME_S2_WC_MiFish.2.fq.gz    FASTQ   DNA     138,485   19,796,709      113      143      143  143  143  143        0  143   96.79    92.4  40.74
RS1_ME_S3_1_MiFish.1.fq.gz     FASTQ   DNA     692,160   98,804,443       63    142.7      143  143  143  143        0  143   97.01   93.23  48.67
RS1_ME_S3_1_MiFish.2.fq.gz     FASTQ   DNA     692,160   98,556,771       63    142.4      143  142  142  143        0  142   97.18   93.82  43.67
RS1_ME_S3_2_MiFish.1.fq.gz     FASTQ   DNA     659,162   94,136,731       63    142.8      143  143  143  143        0  143   97.18   93.53  48.74
RS1_ME_S3_2_MiFish.2.fq.gz     FASTQ   DNA     659,162   93,857,017       95    142.4      143  142  142  143        0  142   97.34   94.15  43.84
RS1_ME_S3_3_MiFish.1.fq.gz     FASTQ   DNA     617,330   88,131,539       63    142.8      143  143  143  143        0  143   96.98   93.22  48.33
RS1_ME_S3_3_MiFish.2.fq.gz     FASTQ   DNA     617,330   87,965,938       63    142.5      143  142  142  143        0  142   97.17   93.88  43.41
RS1_ME_S3_4_MiFish.1.fq.gz     FASTQ   DNA     474,731   67,852,019      114    142.9      143  143  143  143        0  143   96.57   92.63  50.82
RS1_ME_S3_4_MiFish.2.fq.gz     FASTQ   DNA     474,731   67,853,793      114    142.9      143  143  143  143        0  143   97.07   93.55  43.39
RS1_ME_S3_5_MiFish.1.fq.gz     FASTQ   DNA     514,660   73,545,375      113    142.9      143  143  143  143        0  143   97.21   93.59  47.28
RS1_ME_S3_5_MiFish.2.fq.gz     FASTQ   DNA     514,660   73,521,423      113    142.9      143  143  143  143        0  143   96.91   92.92  41.31
RS1_ME_S3_WC_MiFish.1.fq.gz    FASTQ   DNA     208,938   29,833,698      137    142.8      143  143  143  143        0  143   96.23   91.73  45.54
RS1_ME_S3_WC_MiFish.2.fq.gz    FASTQ   DNA     208,938   29,846,636      138    142.8      143  143  143  143        0  143   96.65   92.21  40.17
RS1_ME_S4_1(2)_MiFish.1.fq.gz  FASTQ   DNA     962,002  137,269,291       59    142.7      143  143  143  143        0  143   97.01   93.35  48.35
RS1_ME_S4_1(2)_MiFish.2.fq.gz  FASTQ   DNA     962,002  137,179,473       59    142.6      143  142  143  143        0  143   96.87   93.14   43.4
RS1_ME_S4_1_MiFish.1.fq.gz     FASTQ   DNA     711,013  101,485,446       59    142.7      143  143  143  143        0  143   97.03   93.41  48.34
RS1_ME_S4_1_MiFish.2.fq.gz     FASTQ   DNA     711,013  101,350,322       59    142.5      143  142  143  143        0  143   97.04   93.53  43.68
RS1_ME_S4_2_MiFish.1.fq.gz     FASTQ   DNA     737,999  105,352,070       59    142.8      143  143  143  143        0  143   97.08   93.46  48.56
RS1_ME_S4_2_MiFish.2.fq.gz     FASTQ   DNA     737,999  105,298,460       59    142.7      143  142  143  143        0  143   96.92   93.24  43.08
RS1_ME_S4_3_MiFish.1.fq.gz     FASTQ   DNA   1,099,982  157,085,826       60    142.8      143  143  143  143        0  143   97.02   93.36  48.93
RS1_ME_S4_3_MiFish.2.fq.gz     FASTQ   DNA   1,099,982  157,017,414       60    142.7      143  142  143  143        0  143   97.16   93.65  43.95
RS1_ME_S4_4_MiFish.1.fq.gz     FASTQ   DNA   1,070,353  152,778,119       55    142.7      143  143  143  143        0  143   97.13    93.5  48.37
RS1_ME_S4_4_MiFish.2.fq.gz     FASTQ   DNA   1,070,353  152,655,600       55    142.6      143  142  143  143        0  143   97.27    93.9  43.61
RS1_ME_S4_5_MiFish.1.fq.gz     FASTQ   DNA     970,543  138,503,770       57    142.7      143  143  143  143        0  143   96.93   93.24  48.47
RS1_ME_S4_5_MiFish.2.fq.gz     FASTQ   DNA     970,543  138,452,939       65    142.7      143  142  143  143        0  143    97.2   93.85  43.68
RS1_ME_S4_WC_MiFish.1.fq.gz    FASTQ   DNA      53,044    7,580,160      120    142.9      143  143  143  143        0  143   95.66    90.9  46.58
RS1_ME_S4_WC_MiFish.2.fq.gz    FASTQ   DNA      53,044    7,581,697      120    142.9      143  143  143  143        0  143   96.43   91.92  40.96
