file                           format  type  num_seqs    sum_len  min_len  avg_len  max_len   Q1   Q2   Q3  sum_gap  N50  Q20(%)  Q30(%)
MT1_10_1_MiFish.1.fq.gz        FASTQ   DNA     20,454  2,916,145      138    142.6      143  142  143  143        0  143   95.17   90.17
MT1_10_1_MiFish.2.fq.gz        FASTQ   DNA     20,454  2,915,387      139    142.5      143  142  143  143        0  143   96.48   92.02
MT1_10_2_MiFish.1.fq.gz        FASTQ   DNA     23,402  3,335,172      139    142.5      143  142  143  143        0  143   95.25    90.3
MT1_10_2_MiFish.2.fq.gz        FASTQ   DNA     23,402  3,335,414      133    142.5      143  142  143  143        0  143   96.62    92.2
MT1_10_3_MiFish.1.fq.gz        FASTQ   DNA     24,836  3,538,685      140    142.5      143  142  143  143        0  143   95.95   91.16
MT1_10_3_MiFish.2.fq.gz        FASTQ   DNA     24,836  3,539,960      136    142.5      143  142  143  143        0  143    96.9   92.76
MT1_10_4_MiFish.1.fq.gz        FASTQ   DNA     20,045  2,854,962      140    142.4      143  142  143  143        0  143   95.25   90.25
MT1_10_4_MiFish.2.fq.gz        FASTQ   DNA     20,045  2,855,369      137    142.4      143  142  143  143        0  143   96.47   91.91
MT1_10_5_MiFish.1.fq.gz        FASTQ   DNA     17,175  2,448,526      139    142.6      143  142  143  143        0  143   95.76   90.91
MT1_10_5_MiFish.2.fq.gz        FASTQ   DNA     17,175  2,446,508      139    142.4      143  142  143  143        0  143   96.68   92.35
MT1_10_WC_MiFish.1.fq.gz       FASTQ   DNA         57      8,125      141    142.5      143  142  143  143        0  143   94.67   90.23
MT1_10_WC_MiFish.2.fq.gz       FASTQ   DNA         57      8,117      141    142.4      143  142  143  143        0  143   97.28   92.98
MT1_11_1_MiFish.1.fq.gz        FASTQ   DNA      7,620  1,087,447      140    142.7      143  143  143  143        0  143   95.66   90.78
MT1_11_1_MiFish.2.fq.gz        FASTQ   DNA      7,620  1,083,395      133    142.2      143  142  142  143        0  142   96.81   92.73
MT1_11_2_MiFish.1.fq.gz        FASTQ   DNA     20,588  2,932,474      139    142.4      143  142  143  143        0  143   95.69   90.72
MT1_11_2_MiFish.2.fq.gz        FASTQ   DNA     20,588  2,925,469      137    142.1      143  141  142  143        0  142   96.76    92.5
MT1_11_3_MiFish.1.fq.gz        FASTQ   DNA     16,943  2,418,112      139    142.7      143  143  143  143        0  143   95.71   90.84
MT1_11_3_MiFish.2.fq.gz        FASTQ   DNA     16,943  2,410,017      137    142.2      143  142  142  143        0  142   96.65    92.4
MT1_11_4_MiFish.1.fq.gz        FASTQ   DNA     14,781  2,106,344      139    142.5      143  142  143  143        0  143   96.67   92.35
MT1_11_4_MiFish.2.fq.gz        FASTQ   DNA     14,781  2,100,993      139    142.1      143  141  142  143        0  142   97.07   92.95
MT1_11_5_MiFish.1.fq.gz        FASTQ   DNA     10,727  1,527,581      140    142.4      143  142  143  143        0  143   96.78   92.64
MT1_11_5_MiFish.2.fq.gz        FASTQ   DNA     10,727  1,524,641      133    142.1      143  142  142  143        0  142   97.11   93.09
MT1_1_1_MiFish.1.fq.gz         FASTQ   DNA     36,867  5,256,582      138    142.6      143  142  143  143        0  143   96.36   91.65
MT1_1_1_MiFish.2.fq.gz         FASTQ   DNA     36,867  5,248,139      139    142.4      143  142  142  143        0  142   97.41   93.48
MT1_11_WC_MiFish.1.fq.gz       FASTQ   DNA      1,970    281,663      141      143      143  143  143  143        0  143   94.78   89.12
MT1_11_WC_MiFish.2.fq.gz       FASTQ   DNA      1,970    278,103      141    141.2      143  141  141  141        0  141   96.53   91.24
MT1_12_1_MiFish.1.fq.gz        FASTQ   DNA     15,128  2,154,686      139    142.4      143  142  143  143        0  143   96.41   91.93
MT1_12_1_MiFish.2.fq.gz        FASTQ   DNA     15,128  2,152,377      139    142.3      143  141  143  143        0  143   97.25   93.32
MT1_12_2_MiFish.1.fq.gz        FASTQ   DNA     10,909  1,554,533      140    142.5      143  142  143  143        0  143   96.45      92
MT1_12_2_MiFish.2.fq.gz        FASTQ   DNA     10,909  1,551,361      133    142.2      143  141  143  143        0  143   97.15   93.02
MT1_12_3_MiFish.1.fq.gz        FASTQ   DNA     11,654  1,660,880      140    142.5      143  142  143  143        0  143   96.55   92.14
MT1_12_3_MiFish.2.fq.gz        FASTQ   DNA     11,654  1,657,598      139    142.2      143  141  143  143        0  143   97.32   93.37
MT1_12_4_MiFish.1.fq.gz        FASTQ   DNA     10,239  1,459,449      139    142.5      143  142  143  143        0  143   96.33   91.77
MT1_12_4_MiFish.2.fq.gz        FASTQ   DNA     10,239  1,455,120      133    142.1      143  141  143  143        0  143   97.26   93.31
MT1_12_5_MiFish.1.fq.gz        FASTQ   DNA     15,793  2,251,192      139    142.5      143  142  143  143        0  143   95.78   91.13
MT1_12_5_MiFish.2.fq.gz        FASTQ   DNA     15,793  2,247,040      133    142.3      143  141  143  143        0  143   97.18   93.13
MT1_1_2_MiFish.1.fq.gz         FASTQ   DNA     28,192  4,015,760      139    142.4      143  142  143  143        0  143   96.54    92.1
MT1_1_2_MiFish.2.fq.gz         FASTQ   DNA     28,192  4,014,595      133    142.4      143  142  143  143        0  143   97.29    93.3
MT1_12_WC_MiFish.1.fq.gz       FASTQ   DNA      1,084    154,401      141    142.4      143  142  143  143        0  143   95.96   91.19
MT1_12_WC_MiFish.2.fq.gz       FASTQ   DNA      1,084    153,791      139    141.9      143  141  142  143        0  142   96.59   92.06
MT1_13_1_MiFish.1.fq.gz        FASTQ   DNA     11,618  1,654,678      139    142.4      143  142  143  143        0  143   95.05   90.42
MT1_13_1_MiFish.2.fq.gz        FASTQ   DNA     11,618  1,654,073      133    142.4      143  142  143  143        0  143   96.44   91.98
MT1_13_2_MiFish.1.fq.gz        FASTQ   DNA     32,328  4,605,725      139    142.5      143  142  143  143        0  143   96.79   92.55
MT1_13_2_MiFish.2.fq.gz        FASTQ   DNA     32,328  4,593,990      137    142.1      143  141  142  143        0  142   97.41   93.48
MT1_13_3_MiFish.1.fq.gz        FASTQ   DNA     34,364  4,891,341      139    142.3      143  142  142  143        0  142   96.37   91.98
MT1_13_3_MiFish.2.fq.gz        FASTQ   DNA     34,364  4,886,310      133    142.2      143  141  142  143        0  142   97.17   93.09
MT1_13_4_MiFish.1.fq.gz        FASTQ   DNA     27,813  3,961,513      102    142.4      143  142  143  143        0  143    96.6   92.39
MT1_13_4_MiFish.2.fq.gz        FASTQ   DNA     27,813  3,958,017      102    142.3      143  142  143  143        0  143   97.39   93.51
MT1_1_3_MiFish.1.fq.gz         FASTQ   DNA     23,874  3,398,164      140    142.3      143  142  142  143        0  142   96.67   92.26
MT1_1_3_MiFish.2.fq.gz         FASTQ   DNA     23,874  3,402,721      137    142.5      143  142  143  143        0  143   97.28   93.34
MT1_13_WC_MiFish.1.fq.gz       FASTQ   DNA      2,471    352,001      139    142.5      143  141  143  143        0  143   95.21    89.9
MT1_13_WC_MiFish.2.fq.gz       FASTQ   DNA      2,471    349,991      139    141.6      143  141  141  143        0  141   96.39   91.22
MT1_14_1_MiFish.1.fq.gz        FASTQ   DNA     23,042  3,285,543      138    142.6      143  142  143  143        0  143   96.72   92.45
MT1_14_1_MiFish.2.fq.gz        FASTQ   DNA     23,042  3,281,432      138    142.4      143  142  143  143        0  143   97.28   93.31
MT1_14_2_MiFish.1.fq.gz        FASTQ   DNA     24,969  3,557,108      140    142.5      143  142  143  143        0  143   96.93   92.75
MT1_14_2_MiFish.2.fq.gz        FASTQ   DNA     24,969  3,558,280      133    142.5      143  142  143  143        0  143   97.33   93.41
MT1_14_3_MiFish.1.fq.gz        FASTQ   DNA     29,493  4,196,288       63    142.3      143  142  142  143        0  142   96.99   92.99
MT1_14_3_MiFish.2.fq.gz        FASTQ   DNA     29,493  4,207,564       63    142.7      143  143  143  143        0  143   97.29   93.29
MT1_14_4_MiFish.1.fq.gz        FASTQ   DNA     30,310  4,315,759      139    142.4      143  142  142  143        0  142   96.75   92.51
MT1_14_4_MiFish.2.fq.gz        FASTQ   DNA     30,310  4,318,402      132    142.5      143  142  143  143        0  143   97.14   93.05
MT1_14_5_MiFish.1.fq.gz        FASTQ   DNA     32,815  4,677,890      140    142.6      143  142  143  143        0  143   96.55    92.3
MT1_14_5_MiFish.2.fq.gz        FASTQ   DNA     32,815  4,683,246      133    142.7      143  143  143  143        0  143   97.01   92.88
MT1_1_4_MiFish.1.fq.gz         FASTQ   DNA     43,329  6,174,580       88    142.5      143  142  143  143        0  143   96.49   92.03
MT1_1_4_MiFish.2.fq.gz         FASTQ   DNA     43,329  6,166,664       88    142.3      143  142  143  143        0  143   97.31   93.26
MT1_14_WC_MiFish.1.fq.gz       FASTQ   DNA        576     82,220      140    142.7      143  143  143  143        0  143   95.05   89.62
MT1_14_WC_MiFish.2.fq.gz       FASTQ   DNA        576     81,429      141    141.4      143  141  141  141        0  141    96.1   90.67
MT1_15_1_MiFish.1.fq.gz        FASTQ   DNA     37,956  5,410,071      140    142.5      143  142  143  143        0  143   96.32   91.86
MT1_15_1_MiFish.2.fq.gz        FASTQ   DNA     37,956  5,405,877      133    142.4      143  142  143  143        0  143   96.99   92.75
MT1_15_2_MiFish.1.fq.gz        FASTQ   DNA     36,827  5,252,972       52    142.6      143  142  143  143        0  143   96.23   91.75
MT1_15_2_MiFish.2.fq.gz        FASTQ   DNA     36,827  5,247,971       52    142.5      143  142  143  143        0  143   97.04   92.92
MT1_15_3_MiFish.1.fq.gz        FASTQ   DNA     26,263  3,744,430      139    142.6      143  142  143  143        0  143   96.07    91.6
MT1_15_3_MiFish.2.fq.gz        FASTQ   DNA     26,263  3,737,263      139    142.3      143  141  143  143        0  143   96.86   92.49
MT1_15_4_MiFish.1.fq.gz        FASTQ   DNA     34,226  4,877,987      139    142.5      143  142  143  143        0  143   96.29   91.95
MT1_15_4_MiFish.2.fq.gz        FASTQ   DNA     34,226  4,867,762      133    142.2      143  141  143  143        0  143   96.95   92.71
MT1_15_5_MiFish.1.fq.gz        FASTQ   DNA     20,362  2,904,509      139    142.6      143  142  143  143        0  143   95.92   91.29
MT1_15_5_MiFish.2.fq.gz        FASTQ   DNA     20,362  2,900,263      137    142.4      143  142  143  143        0  143   96.87   92.55
MT1_1_5_MiFish.1.fq.gz         FASTQ   DNA     29,980  4,271,092      138    142.5      143  142  143  143        0  143   96.37   91.87
MT1_1_5_MiFish.2.fq.gz         FASTQ   DNA     29,980  4,269,768      138    142.4      143  142  143  143        0  143   97.13   93.05
MT1_15_WC_MiFish.1.fq.gz       FASTQ   DNA        711    101,139      140    142.2      143  141  143  143        0  143    95.4   90.29
MT1_15_WC_MiFish.2.fq.gz       FASTQ   DNA        711    100,447      139    141.3      143  141  141  141        0  141   95.96    91.1
MT1_16_1_MiFish.1.fq.gz        FASTQ   DNA     30,937  4,403,208      140    142.3      143  142  142  143        0  142    95.8   91.21
MT1_16_1_MiFish.2.fq.gz        FASTQ   DNA     30,937  4,392,698      140      142      143  141  142  143        0  142   96.98   92.76
MT1_16_2_MiFish.1.fq.gz        FASTQ   DNA     18,101  2,578,980      134    142.5      143  142  143  143        0  143   96.39   91.99
MT1_16_2_MiFish.2.fq.gz        FASTQ   DNA     18,101  2,577,243      139    142.4      143  141  143  143        0  143   96.95   92.76
MT1_16_3_MiFish.1.fq.gz        FASTQ   DNA     27,264  3,884,374      140    142.5      143  142  143  143        0  143   95.89   90.87
MT1_16_3_MiFish.2.fq.gz        FASTQ   DNA     27,264  3,883,743      133    142.4      143  142  143  143        0  143    97.5   93.68
MT1_16_4_MiFish.1.fq.gz        FASTQ   DNA     28,907  4,118,317      139    142.5      143  142  143  143        0  143   95.73   90.58
MT1_16_4_MiFish.2.fq.gz        FASTQ   DNA     28,907  4,113,459      139    142.3      143  141  143  143        0  143   97.46   93.42
MT1_16_5_MiFish.1.fq.gz        FASTQ   DNA     30,857  4,398,544      139    142.5      143  142  143  143        0  143   95.68   90.52
MT1_16_5_MiFish.2.fq.gz        FASTQ   DNA     30,857  4,400,431      137    142.6      143  142  143  143        0  143   97.62    93.9
MT1_16_WC_MiFish.1.fq.gz       FASTQ   DNA      1,060    151,428      140    142.9      143  143  143  143        0  143   97.09   93.11
MT1_16_WC_MiFish.2.fq.gz       FASTQ   DNA      1,060    151,390      141    142.8      143  143  143  143        0  143   96.18      91
MT1_17_1_MiFish.1.fq.gz        FASTQ   DNA     36,489  5,200,222       63    142.5      143  142  143  143        0  143   95.72   90.55
MT1_17_1_MiFish.2.fq.gz        FASTQ   DNA     36,489  5,192,356       63    142.3      143  142  142  143        0  142   97.48   93.67
MT1_17_2_MiFish.1.fq.gz        FASTQ   DNA     27,999  3,993,119      139    142.6      143  142  143  143        0  143   95.84   90.72
MT1_17_2_MiFish.2.fq.gz        FASTQ   DNA     27,999  3,983,279      138    142.3      143  142  142  143        0  142   97.61   93.93
MT1_17_3_MiFish.1.fq.gz        FASTQ   DNA     21,412  3,051,407      140    142.5      143  142  143  143        0  143   95.59   90.39
MT1_17_3_MiFish.2.fq.gz        FASTQ   DNA     21,412  3,047,686      133    142.3      143  142  143  143        0  143   97.48   93.74
MT1_17_4_MiFish.1.fq.gz        FASTQ   DNA     41,061  5,845,196      138    142.4      143  142  143  143        0  143   95.82   90.63
MT1_17_4_MiFish.2.fq.gz        FASTQ   DNA     41,061  5,842,001      133    142.3      143  142  142  143        0  142   97.59   93.92
MT1_17_5_MiFish.1.fq.gz        FASTQ   DNA      9,727  1,386,845      140    142.6      143  142  143  143        0  143   95.83   90.97
MT1_17_5_MiFish.2.fq.gz        FASTQ   DNA      9,727  1,382,537      137    142.1      143  141  142  143        0  142   97.14   93.09
MT1_17_WC_MiFish.1.fq.gz       FASTQ   DNA        733    103,758      140    141.6      143  141  141  143        0  141   96.57   92.31
MT1_17_WC_MiFish.2.fq.gz       FASTQ   DNA        733    103,526      140    141.2      143  141  141  141        0  141   96.55   92.23
MT1_18_1_MiFish.1.fq.gz        FASTQ   DNA     30,812  4,384,602      139    142.3      143  142  142  143        0  142   95.88   90.96
MT1_18_1_MiFish.2.fq.gz        FASTQ   DNA     30,812  4,390,369      139    142.5      143  142  143  143        0  143   97.12      93
MT1_18_2_MiFish.1.fq.gz        FASTQ   DNA     26,869  3,823,577      139    142.3      143  142  142  143        0  142   95.64   90.67
MT1_18_2_MiFish.2.fq.gz        FASTQ   DNA     26,869  3,827,940      140    142.5      143  142  143  143        0  143   96.93   92.71
MT1_18_3_MiFish.1.fq.gz        FASTQ   DNA     28,272  4,023,354      139    142.3      143  142  142  143        0  142   95.52   90.47
MT1_18_3_MiFish.2.fq.gz        FASTQ   DNA     28,272  4,029,519      139    142.5      143  142  143  143        0  143   96.93   92.73
MT1_18_4_MiFish.1.fq.gz        FASTQ   DNA     22,326  3,174,836      139    142.2      143  142  142  143        0  142   95.71   90.75
MT1_18_4_MiFish.2.fq.gz        FASTQ   DNA     22,326  3,176,462      133    142.3      143  141  143  143        0  143   96.82   92.48
MT1_18_5_MiFish.1.fq.gz        FASTQ   DNA     27,437  3,906,309      139    142.4      143  142  142  143        0  142   95.72    90.8
MT1_18_5_MiFish.2.fq.gz        FASTQ   DNA     27,437  3,912,183      137    142.6      143  142  143  143        0  143   96.85   92.56
MT1_18_WC_MiFish.1.fq.gz       FASTQ   DNA        103     14,645      141    142.2      143  141  143  143        0  143   95.22   90.28
MT1_18_WC_MiFish.2.fq.gz       FASTQ   DNA        103     14,635      141    142.1      143  141  142  143        0  142   95.39   90.37
MT1_19_1_MiFish.1.fq.gz        FASTQ   DNA     23,394  3,330,737      140    142.4      143  142  142  143        0  142   95.57    90.5
MT1_19_1_MiFish.2.fq.gz        FASTQ   DNA     23,394  3,338,475      133    142.7      143  143  143  143        0  143   96.93   92.86
MT1_19_2_MiFish.1.fq.gz        FASTQ   DNA     31,809  4,521,956      140    142.2      143  142  142  142        0  142   95.22   89.97
MT1_19_2_MiFish.2.fq.gz        FASTQ   DNA     31,809  4,545,793      133    142.9      143  143  143  143        0  143   97.34   93.66
MT1_19_3_MiFish.1.fq.gz        FASTQ   DNA      6,657    946,045      140    142.1      143  142  142  142        0  142   96.66    92.3
MT1_19_3_MiFish.2.fq.gz        FASTQ   DNA      6,657    950,786      133    142.8      143  143  143  143        0  143   97.37   93.63
MT1_19_4_MiFish.1.fq.gz        FASTQ   DNA     18,424  2,619,690      140    142.2      143  142  142  143        0  142   96.52   92.12
MT1_19_4_MiFish.2.fq.gz        FASTQ   DNA     18,424  2,630,760      133    142.8      143  143  143  143        0  143   97.45   93.75
MT1_19_5_MiFish.1.fq.gz        FASTQ   DNA     16,043  2,280,150      140    142.1      143  142  142  142        0  142   96.48    92.1
MT1_19_5_MiFish.2.fq.gz        FASTQ   DNA     16,043  2,291,063      133    142.8      143  143  143  143        0  143   97.34   93.59
MT1_19_WC_MiFish.1.fq.gz       FASTQ   DNA        708    100,104      140    141.4      143  141  141  141        0  141   96.82   92.75
MT1_19_WC_MiFish.2.fq.gz       FASTQ   DNA        708     99,939      139    141.2      143  141  141  141        0  141   96.99   93.08
MT1_1_WC_MiFish.1.fq.gz        FASTQ   DNA      2,584    369,406      140      143      143  143  143  143        0  143   95.25   89.78
MT1_1_WC_MiFish.2.fq.gz        FASTQ   DNA      2,584    364,881      140    141.2      143  141  141  141        0  141   96.04   90.38
MT1_20_1_MiFish.1.fq.gz        FASTQ   DNA     21,216  3,020,172      139    142.4      143  142  143  143        0  143   96.56   92.19
MT1_20_1_MiFish.2.fq.gz        FASTQ   DNA     21,216  3,016,472      133    142.2      143  141  143  143        0  143   97.15   93.14
MT1_20_2_MiFish.1.fq.gz        FASTQ   DNA     24,583  3,497,237      139    142.3      143  142  142  143        0  142   96.69   92.43
MT1_20_2_MiFish.2.fq.gz        FASTQ   DNA     24,583  3,499,468      133    142.4      143  141  143  143        0  143   97.03   92.93
MT1_20_3_MiFish.1.fq.gz        FASTQ   DNA     22,189  3,157,208      139    142.3      143  142  142  143        0  142   96.49   92.09
MT1_20_3_MiFish.2.fq.gz        FASTQ   DNA     22,189  3,161,023      133    142.5      143  142  143  143        0  143   97.02   92.87
MT1_20_4_MiFish.1.fq.gz        FASTQ   DNA     22,814  3,249,760      139    142.4      143  142  143  143        0  143   96.35   91.84
MT1_20_4_MiFish.2.fq.gz        FASTQ   DNA     22,814  3,251,342      133    142.5      143  142  143  143        0  143   97.19   93.22
MT1_20_5_MiFish.1.fq.gz        FASTQ   DNA     17,592  2,500,800      139    142.2      143  142  142  143        0  142   96.73   92.46
MT1_20_5_MiFish.2.fq.gz        FASTQ   DNA     17,592  2,500,886      133    142.2      143  141  142  143        0  142   97.34   93.53
MT1_20_WC_MiFish.1.fq.gz       FASTQ   DNA        533     75,832      141    142.3      143  142  142  143        0  142   95.77   90.99
MT1_20_WC_MiFish.2.fq.gz       FASTQ   DNA        533     75,944      141    142.5      143  142  143  143        0  143    97.2   93.24
MT1_21_1_MiFish.1.fq.gz        FASTQ   DNA     13,837  1,971,466       52    142.5      143  142  143  143        0  143   96.35   91.94
MT1_21_1_MiFish.2.fq.gz        FASTQ   DNA     13,837  1,969,895       52    142.4      143  142  143  143        0  143   96.99   92.78
MT1_21_2_MiFish.1.fq.gz        FASTQ   DNA     35,759  5,089,513       86    142.3      143  142  143  143        0  143   96.58   92.28
MT1_21_2_MiFish.2.fq.gz        FASTQ   DNA     35,759  5,085,819       86    142.2      143  141  143  143        0  143   97.16   93.14
MT1_21_3_MiFish.1.fq.gz        FASTQ   DNA     35,915  5,110,370      139    142.3      143  142  142  143        0  142   96.57   92.31
MT1_21_3_MiFish.2.fq.gz        FASTQ   DNA     35,915  5,110,442      138    142.3      143  141  143  143        0  143   96.98   92.86
MT1_21_4_MiFish.1.fq.gz        FASTQ   DNA     26,649  3,791,719       72    142.3      143  141  143  143        0  143   95.91   91.52
MT1_21_4_MiFish.2.fq.gz        FASTQ   DNA     26,649  3,788,764       72    142.2      143  141  143  143        0  143    96.9   92.74
MT1_21_5_MiFish.1.fq.gz        FASTQ   DNA     28,814  4,097,746      125    142.2      143  142  142  143        0  142   96.63   92.41
MT1_21_5_MiFish.2.fq.gz        FASTQ   DNA     28,814  4,094,047      125    142.1      143  141  142  143        0  142      97   92.83
MT1_2_1_MiFish.1.fq.gz         FASTQ   DNA     27,326  3,892,753      139    142.5      143  142  143  143        0  143   96.29   91.74
MT1_2_1_MiFish.2.fq.gz         FASTQ   DNA     27,326  3,891,531      137    142.4      143  142  143  143        0  143    96.8   92.54
MT1_21_WC_MiFish.1.fq.gz       FASTQ   DNA      2,279    325,728       57    142.9      143  143  143  143        0  143   94.67   88.75
MT1_21_WC_MiFish.2.fq.gz       FASTQ   DNA      2,279    321,630       57    141.1      143  141  141  141        0  141   96.41   90.99
MT1_22_1_MiFish.1.fq.gz        FASTQ   DNA     38,659  5,509,999      139    142.5      143  142  143  143        0  143   96.21   91.65
MT1_22_1_MiFish.2.fq.gz        FASTQ   DNA     38,659  5,501,372      139    142.3      143  141  143  143        0  143   97.09   92.99
MT1_22_2_MiFish.1.fq.gz        FASTQ   DNA     40,017  5,705,258       50    142.6      143  142  143  143        0  143   95.99   91.26
MT1_22_2_MiFish.2.fq.gz        FASTQ   DNA     40,017  5,700,010       50    142.4      143  142  143  143        0  143    97.1   93.05
MT1_22_3_MiFish.1.fq.gz        FASTQ   DNA     27,161  3,871,108      138    142.5      143  142  143  143        0  143   96.15   91.53
MT1_22_3_MiFish.2.fq.gz        FASTQ   DNA     27,161  3,870,706      139    142.5      143  142  143  143        0  143   97.29   93.34
MT1_22_4_MiFish.1.fq.gz        FASTQ   DNA      8,287  1,180,084      101    142.4      143  142  143  143        0  143   95.09   89.59
MT1_22_4_MiFish.2.fq.gz        FASTQ   DNA      8,287  1,180,024      101    142.4      143  142  143  143        0  143   97.15   93.07
MT1_22_5_MiFish.1.fq.gz        FASTQ   DNA     21,934  3,124,327      139    142.4      143  142  143  143        0  143   95.02   89.44
MT1_22_5_MiFish.2.fq.gz        FASTQ   DNA     21,934  3,123,482      139    142.4      143  142  143  143        0  143   97.24   93.24
MT1_2_2_MiFish.1.fq.gz         FASTQ   DNA     20,308  2,892,319      139    142.4      143  142  143  143        0  143   96.38   91.95
MT1_2_2_MiFish.2.fq.gz         FASTQ   DNA     20,308  2,893,034      137    142.5      143  142  143  143        0  143   96.84   92.57
MT1_22_WC_MiFish.1.fq.gz       FASTQ   DNA      1,946    278,078       51    142.9      143  143  143  143        0  143      96   91.18
MT1_22_WC_MiFish.2.fq.gz       FASTQ   DNA      1,946    276,454       51    142.1      143  141  143  143        0  143   96.92   92.21
MT1_23_1_MiFish.1.fq.gz        FASTQ   DNA     19,283  2,741,629      140    142.2      143  142  142  143        0  142   95.49   90.31
MT1_23_1_MiFish.2.fq.gz        FASTQ   DNA     19,283  2,746,000      138    142.4      143  142  143  143        0  143   97.14   93.06
MT1_23_2_MiFish.1.fq.gz        FASTQ   DNA     21,250  3,019,227      132    142.1      143  141  142  143        0  142    95.6    90.5
MT1_23_2_MiFish.2.fq.gz        FASTQ   DNA     21,250  3,019,584      133    142.1      143  141  143  143        0  143   97.11   93.08
MT1_23_3_MiFish.1.fq.gz        FASTQ   DNA     20,701  2,940,501       64      142      143  141  142  143        0  142   95.14    89.8
MT1_23_3_MiFish.2.fq.gz        FASTQ   DNA     20,701  2,944,151       64    142.2      143  141  143  143        0  143   96.97   92.78
MT1_23_4_MiFish.1.fq.gz        FASTQ   DNA     25,730  3,658,257      139    142.2      143  142  142  143        0  142   95.08   89.79
MT1_23_4_MiFish.2.fq.gz        FASTQ   DNA     25,730  3,658,939      139    142.2      143  141  143  143        0  143   97.03   92.86
MT1_23_5_MiFish.1.fq.gz        FASTQ   DNA     33,365  4,751,597      139    142.4      143  142  143  143        0  143   95.07   89.58
MT1_23_5_MiFish.2.fq.gz        FASTQ   DNA     33,365  4,747,324      139    142.3      143  141  143  143        0  143   97.19   93.18
MT1_2_3_MiFish.1.fq.gz         FASTQ   DNA     29,000  4,130,554      139    142.4      143  142  143  143        0  143   96.27   91.82
MT1_2_3_MiFish.2.fq.gz         FASTQ   DNA     29,000  4,133,455      137    142.5      143  142  143  143        0  143   96.85   92.59
MT1_23_WC_MiFish.1.fq.gz       FASTQ   DNA      1,465    209,350      138    142.9      143  143  143  143        0  143   93.15   87.11
MT1_23_WC_MiFish.2.fq.gz       FASTQ   DNA      1,465    207,126      138    141.4      143  141  141  141        0  141   95.83    90.3
MT1_24_1_MiFish.1.fq.gz        FASTQ   DNA     27,703  3,935,875      139    142.1      143  141  142  143        0  142   95.74   90.75
MT1_24_1_MiFish.2.fq.gz        FASTQ   DNA     27,703  3,930,968      139    141.9      143  141  142  143        0  142    97.3   93.47
MT1_24_2_MiFish.1.fq.gz        FASTQ   DNA     10,174  1,449,431      139    142.5      143  142  143  143        0  143   96.41   91.88
MT1_24_2_MiFish.2.fq.gz        FASTQ   DNA     10,174  1,447,922      133    142.3      143  141  143  143        0  143   97.26   93.21
MT1_24_3_MiFish.1.fq.gz        FASTQ   DNA     31,265  4,456,661      139    142.5      143  142  143  143        0  143   96.42   91.95
MT1_24_3_MiFish.2.fq.gz        FASTQ   DNA     31,265  4,451,745      139    142.4      143  142  143  143        0  143   97.32   93.35
MT1_24_4_MiFish.1.fq.gz        FASTQ   DNA     31,012  4,422,064      139    142.6      143  142  143  143        0  143   96.24   91.63
MT1_24_4_MiFish.2.fq.gz        FASTQ   DNA     31,012  4,408,808      139    142.2      143  141  143  143        0  143   97.26   93.23
MT1_24_5_MiFish.1.fq.gz        FASTQ   DNA     34,508  4,921,271      139    142.6      143  142  143  143        0  143   96.22   91.56
MT1_24_5_MiFish.2.fq.gz        FASTQ   DNA     34,508  4,908,162      133    142.2      143  141  143  143        0  143   97.23   93.17
MT1_2_4_MiFish.1.fq.gz         FASTQ   DNA     21,746  3,100,028      139    142.6      143  142  143  143        0  143   96.31   91.82
MT1_2_4_MiFish.2.fq.gz         FASTQ   DNA     21,746  3,094,619      137    142.3      143  142  143  143        0  143   96.73   92.35
MT1_24_WC_MiFish.1.fq.gz       FASTQ   DNA      2,409    344,367      140      143      143  143  143  143        0  143   94.16   88.12
MT1_24_WC_MiFish.2.fq.gz       FASTQ   DNA      2,409    340,069      139    141.2      143  141  141  141        0  141      96   90.41
MT1_2_5_MiFish.1.fq.gz         FASTQ   DNA     20,903  2,977,942      140    142.5      143  142  143  143        0  143   96.48    92.1
MT1_2_5_MiFish.2.fq.gz         FASTQ   DNA     20,903  2,974,549      137    142.3      143  141  143  143        0  143   96.88   92.63
MT1_2_WC_MiFish.1.fq.gz        FASTQ   DNA      1,158    165,538      141      143      143  143  143  143        0  143   95.13    89.7
MT1_2_WC_MiFish.2.fq.gz        FASTQ   DNA      1,158    163,743      141    141.4      143  141  141  142        0  141   96.36   91.08
MT1_3_1_MiFish.1.fq.gz         FASTQ   DNA     20,503  2,921,985      139    142.5      143  142  143  143        0  143   96.18   91.65
MT1_3_1_MiFish.2.fq.gz         FASTQ   DNA     20,503  2,918,591      138    142.3      143  141  143  143        0  143   96.75   92.42
MT1_3_2_MiFish.1.fq.gz         FASTQ   DNA     31,604  4,504,117      139    142.5      143  142  143  143        0  143    96.4   91.98
MT1_3_2_MiFish.2.fq.gz         FASTQ   DNA     31,604  4,502,150      133    142.5      143  142  143  143        0  143   96.83   92.57
MT1_3_3_MiFish.1.fq.gz         FASTQ   DNA     16,610  2,367,500      139    142.5      143  142  143  143        0  143   96.23   91.72
MT1_3_3_MiFish.2.fq.gz         FASTQ   DNA     16,610  2,365,497      137    142.4      143  142  143  143        0  143   96.72   92.36
MT1_3_4_MiFish.1.fq.gz         FASTQ   DNA     35,965  5,127,981      139    142.6      143  142  143  143        0  143   96.47   91.94
MT1_3_4_MiFish.2.fq.gz         FASTQ   DNA     35,965  5,127,175      133    142.6      143  142  143  143        0  143    97.2   93.17
MT1_3_5_MiFish.1.fq.gz         FASTQ   DNA     27,406  3,907,680      139    142.6      143  142  143  143        0  143   96.33   91.67
MT1_3_5_MiFish.2.fq.gz         FASTQ   DNA     27,406  3,905,604      137    142.5      143  142  143  143        0  143   97.27   93.31
MT1_3_WC_MiFish.1.fq.gz        FASTQ   DNA      2,563    366,267      140    142.9      143  143  143  143        0  143   95.14   89.79
MT1_3_WC_MiFish.2.fq.gz        FASTQ   DNA      2,563    362,205      139    141.3      143  141  141  141        0  141   96.75   91.75
MT1_4_1_MiFish.1.fq.gz         FASTQ   DNA     37,552  5,349,428      139    142.5      143  142  142  143        0  142   96.45   91.91
MT1_4_1_MiFish.2.fq.gz         FASTQ   DNA     37,552  5,343,168      133    142.3      143  141  143  143        0  143   97.31    93.4
MT1_4_2_MiFish.1.fq.gz         FASTQ   DNA     35,384  5,031,980      139    142.2      143  142  142  143        0  142   96.42   91.83
MT1_4_2_MiFish.2.fq.gz         FASTQ   DNA     35,384  5,040,387      133    142.4      143  142  143  143        0  143   97.25   93.19
MT1_4_3_MiFish.1.fq.gz         FASTQ   DNA     25,078  3,573,702      139    142.5      143  142  143  143        0  143   96.43   91.82
MT1_4_3_MiFish.2.fq.gz         FASTQ   DNA     25,078  3,570,343      133    142.4      143  142  143  143        0  143    97.2   93.19
MT1_4_4_MiFish.1.fq.gz         FASTQ   DNA     20,291  2,889,889      140    142.4      143  142  143  143        0  143    96.4   91.77
MT1_4_4_MiFish.2.fq.gz         FASTQ   DNA     20,291  2,886,696      137    142.3      143  141  143  143        0  143   97.22    93.2
MT1_4_5_MiFish.1.fq.gz         FASTQ   DNA     29,313  4,176,536       27    142.5      143  142  143  143        0  143   96.32   91.62
MT1_4_5_MiFish.2.fq.gz         FASTQ   DNA     29,313  4,172,825       27    142.4      143  142  143  143        0  143   97.19    93.1
MT1_4_WC_MiFish.1.fq.gz        FASTQ   DNA        599     85,631      141      143      143  143  143  143        0  143   95.35   90.12
MT1_4_WC_MiFish.2.fq.gz        FASTQ   DNA        599     84,675      140    141.4      143  141  141  141        0  141    96.5   91.08
MT1_5_1_MiFish.1.fq.gz         FASTQ   DNA     23,820  3,391,232      101    142.4      143  142  142  143        0  142   96.26    91.8
MT1_5_1_MiFish.2.fq.gz         FASTQ   DNA     23,820  3,389,578      101    142.3      143  142  143  143        0  143   97.12   93.06
MT1_5_2_MiFish.1.fq.gz         FASTQ   DNA     21,080  3,000,771      139    142.4      143  142  142  143        0  142    96.4   92.18
MT1_5_2_MiFish.2.fq.gz         FASTQ   DNA     21,080  2,997,883      137    142.2      143  142  142  143        0  142   97.11   93.13
MT1_5_3_MiFish.1.fq.gz         FASTQ   DNA     29,164  4,151,649       80    142.4      143  142  142  143        0  142   96.56   92.31
MT1_5_3_MiFish.2.fq.gz         FASTQ   DNA     29,164  4,147,452       80    142.2      143  141  142  143        0  142   97.06   93.02
MT1_5_4_MiFish.1.fq.gz         FASTQ   DNA     17,348  2,470,386       37    142.4      143  142  142  143        0  142   96.32   92.05
MT1_5_4_MiFish.2.fq.gz         FASTQ   DNA     17,348  2,466,814       37    142.2      143  141  143  143        0  143   97.11   93.09
MT1_5_5_MiFish.1.fq.gz         FASTQ   DNA     20,165  2,870,066      140    142.3      143  142  142  143        0  142   96.55   92.26
MT1_5_5_MiFish.2.fq.gz         FASTQ   DNA     20,165  2,866,862      139    142.2      143  141  142  143        0  142   97.02   92.95
MT1_5_WC_MiFish.1.fq.gz        FASTQ   DNA      1,912    272,773      140    142.7      143  143  143  143        0  143   95.76   90.81
MT1_5_WC_MiFish.2.fq.gz        FASTQ   DNA      1,912    270,275      139    141.4      143  141  141  141        0  141   96.83   91.92
MT1_6_1_MiFish.1.fq.gz         FASTQ   DNA     26,419  3,764,664      118    142.5      143  142  143  143        0  143   95.74   91.24
MT1_6_1_MiFish.2.fq.gz         FASTQ   DNA     26,419  3,759,120      118    142.3      143  141  143  143        0  143   96.85   92.71
MT1_6_2_MiFish.1.fq.gz         FASTQ   DNA     20,113  2,863,118      139    142.4      143  142  142  143        0  142    96.6   92.33
MT1_6_2_MiFish.2.fq.gz         FASTQ   DNA     20,113  2,863,381      133    142.4      143  142  143  143        0  143   97.01   92.97
MT1_6_3_MiFish.1.fq.gz         FASTQ   DNA     39,011  5,558,116       36    142.5      143  142  143  143        0  143   96.35   91.89
MT1_6_3_MiFish.2.fq.gz         FASTQ   DNA     39,011  5,549,186       36    142.2      143  141  143  143        0  143   96.87   92.62
MT1_6_4_MiFish.1.fq.gz         FASTQ   DNA     31,680  4,515,985      107    142.6      143  142  143  143        0  143   96.34   91.91
MT1_6_4_MiFish.2.fq.gz         FASTQ   DNA     31,680  4,512,863      107    142.5      143  142  143  143        0  143   96.78   92.59
MT1_6_5_MiFish.1.fq.gz         FASTQ   DNA     43,484  6,194,838      139    142.5      143  142  143  143        0  143   95.86   91.23
MT1_6_5_MiFish.2.fq.gz         FASTQ   DNA     43,484  6,191,721      133    142.4      143  142  143  143        0  143   96.73   92.45
MT1_6_WC_MiFish.1.fq.gz        FASTQ   DNA      1,200    171,516      141    142.9      143  143  143  143        0  143   95.25   89.84
MT1_6_WC_MiFish.2.fq.gz        FASTQ   DNA      1,200    169,401      141    141.2      143  141  141  141        0  141   96.47   91.11
MT1_7_1_MiFish.1.fq.gz         FASTQ   DNA     42,014  5,989,891      138    142.6      143  142  143  143        0  143   96.23   91.66
MT1_7_1_MiFish.2.fq.gz         FASTQ   DNA     42,014  5,982,282      137    142.4      143  142  143  143        0  143   96.87   92.67
MT1_7_2_MiFish.1.fq.gz         FASTQ   DNA     37,724  5,374,016      139    142.5      143  142  143  143        0  143   96.21   91.68
MT1_7_2_MiFish.2.fq.gz         FASTQ   DNA     37,724  5,373,101      133    142.4      143  142  143  143        0  143   96.92   92.82
MT1_7_3_MiFish.1.fq.gz         FASTQ   DNA     40,226  5,730,420      139    142.5      143  142  143  143        0  143   95.66   91.03
MT1_7_3_MiFish.2.fq.gz         FASTQ   DNA     40,226  5,729,088      136    142.4      143  142  143  143        0  143   96.58   92.17
MT1_7_4_MiFish.1.fq.gz         FASTQ   DNA     28,493  4,057,909      140    142.4      143  142  143  143        0  143   96.22    91.7
MT1_7_4_MiFish.2.fq.gz         FASTQ   DNA     28,493  4,061,387      139    142.5      143  142  143  143        0  143   96.75    92.5
MT1_7_5_MiFish.1.fq.gz         FASTQ   DNA     28,272  4,025,827      139    142.4      143  142  143  143        0  143   95.74   91.21
MT1_7_5_MiFish.2.fq.gz         FASTQ   DNA     28,272  4,026,849      132    142.4      143  142  143  143        0  143   96.83   92.59
MT1_7_WC_MiFish.1.fq.gz        FASTQ   DNA        518     73,901      139    142.7      143  143  143  143        0  143      95   89.54
MT1_7_WC_MiFish.2.fq.gz        FASTQ   DNA        518     73,138      141    141.2      143  141  141  141        0  141   95.92   90.43
MT1_8_1_MiFish.1.fq.gz         FASTQ   DNA     42,604  6,074,402      139    142.6      143  142  143  143        0  143   96.46   92.03
MT1_8_1_MiFish.2.fq.gz         FASTQ   DNA     42,604  6,069,276      133    142.5      143  142  143  143        0  143   96.75   92.43
MT1_8_2_MiFish.1.fq.gz         FASTQ   DNA     35,103  5,005,106      140    142.6      143  142  143  143        0  143   96.12   91.58
MT1_8_2_MiFish.2.fq.gz         FASTQ   DNA     35,103  4,997,976      133    142.4      143  142  143  143        0  143   96.65   92.28
MT1_8_3_MiFish.1.fq.gz         FASTQ   DNA     33,574  4,785,245      138    142.5      143  142  143  143        0  143   95.35   89.95
MT1_8_3_MiFish.2.fq.gz         FASTQ   DNA     33,574  4,771,759      137    142.1      143  141  142  143        0  142   97.09   92.97
MT1_8_4_MiFish.1.fq.gz         FASTQ   DNA     31,721  4,517,967      138    142.4      143  142  143  143        0  143   94.82   89.25
MT1_8_4_MiFish.2.fq.gz         FASTQ   DNA     31,721  4,512,007      137    142.2      143  141  143  143        0  143   96.91   92.77
MT1_8_5_MiFish.1.fq.gz         FASTQ   DNA     34,299  4,891,184      140    142.6      143  142  143  143        0  143   95.14   89.58
MT1_8_5_MiFish.2.fq.gz         FASTQ   DNA     34,299  4,878,647      137    142.2      143  141  143  143        0  143   97.17   93.16
MT1_8_WC_MiFish.1.fq.gz        FASTQ   DNA      1,102    157,461      140    142.9      143  143  143  143        0  143   95.37   90.27
MT1_8_WC_MiFish.2.fq.gz        FASTQ   DNA      1,102    155,535      139    141.1      143  141  141  141        0  141   96.25   90.96
MT1_9_1_MiFish.1.fq.gz         FASTQ   DNA     33,048  4,708,101      140    142.5      143  142  143  143        0  143   95.06   89.56
MT1_9_1_MiFish.2.fq.gz         FASTQ   DNA     33,048  4,714,516      133    142.7      143  143  143  143        0  143   96.78   92.38
MT1_9_2_MiFish.1.fq.gz         FASTQ   DNA     17,309  2,471,597       67    142.8      143  143  143  143        0  143   95.55   90.17
MT1_9_2_MiFish.2.fq.gz         FASTQ   DNA     17,309  2,468,924       67    142.6      143  143  143  143        0  143    96.8   92.41
MT1_9_3_MiFish.1.fq.gz         FASTQ   DNA     23,319  3,326,917      140    142.7      143  142  143  143        0  143   95.17   89.56
MT1_9_3_MiFish.2.fq.gz         FASTQ   DNA     23,319  3,325,105      137    142.6      143  142  143  143        0  143    96.8   92.48
MT1_9_4_MiFish.1.fq.gz         FASTQ   DNA     33,881  4,835,308      139    142.7      143  143  143  143        0  143   95.37   89.97
MT1_9_4_MiFish.2.fq.gz         FASTQ   DNA     33,881  4,835,325      137    142.7      143  143  143  143        0  143   96.94   92.74
MT1_9_5_MiFish.1.fq.gz         FASTQ   DNA     27,300  3,891,564      139    142.5      143  142  143  143        0  143   95.08   89.61
MT1_9_5_MiFish.2.fq.gz         FASTQ   DNA     27,300  3,889,620      133    142.5      143  142  143  143        0  143   96.76   92.46
MT1_9_WC_MiFish.1.fq.gz        FASTQ   DNA      1,448    206,951      140    142.9      143  143  143  143        0  143   95.54   90.22
MT1_9_WC_MiFish.2.fq.gz        FASTQ   DNA      1,448    204,406      141    141.2      143  141  141  141        0  141   96.16   90.67
MT1_BC_1_MiFish.1.fq.gz        FASTQ   DNA        578     82,548      141    142.8      143  143  143  143        0  143   96.88    92.6
MT1_BC_1_MiFish.2.fq.gz        FASTQ   DNA        578     82,500      141    142.7      143  143  143  143        0  143    96.6    91.9
MT1_BC_2_MiFish.1.fq.gz        FASTQ   DNA      1,259    179,959      140    142.9      143  143  143  143        0  143   94.79   89.36
MT1_BC_2_MiFish.2.fq.gz        FASTQ   DNA      1,259    177,812      141    141.2      143  141  141  141        0  141   95.95   90.29
MT1_BC_3_MiFish.1.fq.gz        FASTQ   DNA         90     12,826      141    142.5      143  142  143  143        0  143   94.81   88.48
MT1_BC_3_MiFish.2.fq.gz        FASTQ   DNA         90     12,820      141    142.4      143  142  143  143        0  143   94.83   89.05
MT1_BC_4_MiFish.1.fq.gz        FASTQ   DNA        113     16,095      141    142.4      143  142  143  143        0  143   95.02   89.95
MT1_BC_4_MiFish.2.fq.gz        FASTQ   DNA        113     16,084      140    142.3      143  141  143  143        0  143   96.72   92.43
MT1_EB_1_MiFish.1.fq.gz        FASTQ   DNA        185     26,279      140      142      143  141  142  143        0  142   95.73   90.62
MT1_EB_1_MiFish.2.fq.gz        FASTQ   DNA        185     26,240      141    141.8      143  141  141  143        0  142   96.33   91.79
MT1_EB_2_MiFish.1.fq.gz        FASTQ   DNA        889    127,044      141    142.9      143  143  143  143        0  143   96.21   91.46
MT1_EB_2_MiFish.2.fq.gz        FASTQ   DNA        889    126,572      141    142.4      143  141  143  143        0  143   96.24   91.15
MT1_EB_3_MiFish.1.fq.gz        FASTQ   DNA        351     49,977      141    142.4      143  142  143  143        0  143    95.4   90.48
MT1_EB_3_MiFish.2.fq.gz        FASTQ   DNA        351     49,643      141    141.4      143  141  141  142        0  141   96.65   91.99
MT1_EB_4_MiFish.1.fq.gz        FASTQ   DNA        448     63,949      108    142.7      143  143  143  143        0  143   95.23   89.88
MT1_EB_4_MiFish.2.fq.gz        FASTQ   DNA        448     63,344      108    141.4      143  141  141  142        0  141   96.18   91.03
NA_MiFish.1.fq.gz              FASTQ   DNA      1,405    200,027      140    142.4      143  142  143  143        0  143   96.81    92.6
NA_MiFish.2.fq.gz              FASTQ   DNA      1,405    199,752      137    142.2      143  141  143  143        0  143    97.2   93.18
NTC1_MiFish.1.fq.gz            FASTQ   DNA        776    110,493       75    142.4      143  142  143  143        0  143   95.46   90.47
NTC1_MiFish.2.fq.gz            FASTQ   DNA        776    110,385       75    142.2      143  142  143  143        0  143   96.41   92.05
NTC2_MiFish.1.fq.gz            FASTQ   DNA        875    124,631      140    142.4      143  142  143  143        0  143   95.37   90.25
NTC2_MiFish.2.fq.gz            FASTQ   DNA        875    124,500      140    142.3      143  142  143  143        0  143   97.18   93.23
NTC3_MiFish.1.fq.gz            FASTQ   DNA         96     13,689      141    142.6      143  142  143  143        0  143    95.7   90.35
NTC3_MiFish.2.fq.gz            FASTQ   DNA         96     13,650      141    142.2      143  141  143  143        0  143   96.85   92.35
RS1_CL_BC_MiFish.1.fq.gz       FASTQ   DNA        816    116,506      140    142.8      143  143  143  143        0  143   96.52   92.27
RS1_CL_BC_MiFish.2.fq.gz       FASTQ   DNA        816    115,926      139    142.1      143  142  142  142        0  142   97.39   93.76
RS1_CL_EB_MiFish.1.fq.gz       FASTQ   DNA      1,245    177,510      141    142.6      143  142  143  143        0  143   96.38   91.95
RS1_CL_EB_MiFish.2.fq.gz       FASTQ   DNA      1,245    176,679      141    141.9      143  142  142  142        0  142   97.22   93.45
RS1_CL_L1_1_MiFish.1.fq.gz     FASTQ   DNA     30,871  4,392,375      139    142.3      143  142  142  143        0  142   95.83   90.92
RS1_CL_L1_1_MiFish.2.fq.gz     FASTQ   DNA     30,871  4,397,851      137    142.5      143  142  143  143        0  143   97.02   92.99
RS1_CL_L1_2_MiFish.1.fq.gz     FASTQ   DNA     27,862  3,965,414      138    142.3      143  142  142  143        0  142   95.86   90.97
RS1_CL_L1_2_MiFish.2.fq.gz     FASTQ   DNA     27,862  3,970,615      133    142.5      143  142  143  143        0  143    96.9   92.69
RS1_CL_L1_3_MiFish.1.fq.gz     FASTQ   DNA     23,801  3,391,330      138    142.5      143  142  143  143        0  143   95.68   90.63
RS1_CL_L1_3_MiFish.2.fq.gz     FASTQ   DNA     23,801  3,390,781      137    142.5      143  142  143  143        0  143   96.98   92.86
RS1_CL_L1_4_MiFish.1.fq.gz     FASTQ   DNA     22,050  3,135,083      140    142.2      143  142  142  142        0  142   95.66   90.66
RS1_CL_L1_4_MiFish.2.fq.gz     FASTQ   DNA     22,050  3,139,710      133    142.4      143  142  142  143        0  142   96.85    92.6
RS1_CL_L1_5_MiFish.1.fq.gz     FASTQ   DNA     20,675  2,941,021      140    142.3      143  142  142  143        0  142   95.81   90.88
RS1_CL_L1_5_MiFish.2.fq.gz     FASTQ   DNA     20,675  2,946,679      140    142.5      143  142  143  143        0  143   96.97   92.87
RS1_CL_L1_WC_MiFish.1.fq.gz    FASTQ   DNA        294     42,002      141    142.9      143  143  143  143        0  143   95.39   90.09
RS1_CL_L1_WC_MiFish.2.fq.gz    FASTQ   DNA        294     41,597      141    141.5      143  141  141  142        0  141   96.45   91.41
RS1_CL_L2_1_MiFish.1.fq.gz     FASTQ   DNA     16,067  2,285,195      138    142.2      143  142  142  143        0  142   95.88   91.04
RS1_CL_L2_1_MiFish.2.fq.gz     FASTQ   DNA     16,067  2,289,279      139    142.5      143  142  143  143        0  143   97.03   92.92
RS1_CL_L2_2_MiFish.1.fq.gz     FASTQ   DNA     22,385  3,184,149      138    142.2      143  142  142  143        0  142   95.91   91.04
RS1_CL_L2_2_MiFish.2.fq.gz     FASTQ   DNA     22,385  3,193,863      137    142.7      143  143  143  143        0  143   96.96   92.76
RS1_CL_L2_3_MiFish.1.fq.gz     FASTQ   DNA     24,146  3,435,014      140    142.3      143  142  142  143        0  142   95.83   90.94
RS1_CL_L2_3_MiFish.2.fq.gz     FASTQ   DNA     24,146  3,441,270      133    142.5      143  142  143  143        0  143   96.77   92.52
RS1_CL_L2_4_MiFish.1.fq.gz     FASTQ   DNA     18,476  2,630,604      138    142.4      143  142  142  143        0  142   96.73   92.52
RS1_CL_L2_4_MiFish.2.fq.gz     FASTQ   DNA     18,476  2,630,012      139    142.3      143  142  143  143        0  143   97.19   93.24
RS1_CL_L2_5_MiFish.1.fq.gz     FASTQ   DNA     18,593  2,643,882      140    142.2      143  142  142  143        0  142   96.79   92.68
RS1_CL_L2_5_MiFish.2.fq.gz     FASTQ   DNA     18,593  2,652,173      139    142.6      143  142  143  143        0  143    97.1   93.06
RS1_CL_L2_WC_MiFish.1.fq.gz    FASTQ   DNA      1,887    269,706      141    142.9      143  143  143  143        0  143   96.06   91.34
RS1_CL_L2_WC_MiFish.2.fq.gz    FASTQ   DNA      1,887    269,546      141    142.8      143  143  143  143        0  143      97   92.62
RS1_CL_L3_1_MiFish.1.fq.gz     FASTQ   DNA     23,714  3,371,703      139    142.2      143  142  142  143        0  142   96.54   92.25
RS1_CL_L3_1_MiFish.2.fq.gz     FASTQ   DNA     23,714  3,378,046      139    142.4      143  142  143  143        0  143   97.09   93.06
RS1_CL_L3_2_MiFish.1.fq.gz     FASTQ   DNA     22,130  3,148,370      139    142.3      143  142  142  143        0  142   96.55   92.15
RS1_CL_L3_2_MiFish.2.fq.gz     FASTQ   DNA     22,130  3,147,857      133    142.2      143  141  143  143        0  143   96.74   92.46
RS1_CL_L3_3_MiFish.1.fq.gz     FASTQ   DNA     15,515  2,205,555      140    142.2      143  142  142  143        0  142   96.61   92.31
RS1_CL_L3_3_MiFish.2.fq.gz     FASTQ   DNA     15,515  2,207,699      139    142.3      143  141  143  143        0  143   97.04      93
RS1_CL_L3_4_MiFish.1.fq.gz     FASTQ   DNA     17,168  2,438,859      138    142.1      143  142  142  142        0  142   96.68   92.46
RS1_CL_L3_4_MiFish.2.fq.gz     FASTQ   DNA     17,168  2,445,720      139    142.5      143  142  143  143        0  143   97.05   93.03
RS1_CL_L3_5_MiFish.1.fq.gz     FASTQ   DNA     23,430  3,326,433      139      142      143  142  142  142        0  142   96.95   92.93
RS1_CL_L3_5_MiFish.2.fq.gz     FASTQ   DNA     23,430  3,335,013      114    142.3      143  142  143  143        0  143   97.12    93.1
RS1_CL_L3_WC_MiFish.1.fq.gz    FASTQ   DNA      2,257    322,602      140    142.9      143  143  143  143        0  143   94.85   89.38
RS1_CL_L3_WC_MiFish.2.fq.gz    FASTQ   DNA      2,257    318,821      141    141.3      143  141  141  141        0  141   96.23   90.67
RS1_CL_S1_1_MiFish.1.fq.gz     FASTQ   DNA     24,695  3,520,645      129    142.6      143  142  143  143        0  143   96.71   92.46
RS1_CL_S1_1_MiFish.2.fq.gz     FASTQ   DNA     24,695  3,523,444      129    142.7      143  143  143  143        0  143   96.78   92.55
RS1_CL_S1_2_MiFish.1.fq.gz     FASTQ   DNA     40,997  5,841,116      139    142.5      143  142  143  143        0  143   96.74   92.55
RS1_CL_S1_2_MiFish.2.fq.gz     FASTQ   DNA     40,997  5,848,595      139    142.7      143  143  143  143        0  143   96.91   92.83
RS1_CL_S1_3_MiFish.1.fq.gz     FASTQ   DNA     51,201  7,294,764      139    142.5      143  142  143  143        0  143    96.7   92.46
RS1_CL_S1_3_MiFish.2.fq.gz     FASTQ   DNA     51,201  7,297,293      139    142.5      143  142  143  143        0  143   96.79   92.62
RS1_CL_S1_4_MiFish.1.fq.gz     FASTQ   DNA     53,735  7,660,922      138    142.6      143  142  143  143        0  143   96.75   92.55
RS1_CL_S1_4_MiFish.2.fq.gz     FASTQ   DNA     53,735  7,668,872      138    142.7      143  143  143  143        0  143   97.06   93.08
RS1_CL_S1_5_MiFish.1.fq.gz     FASTQ   DNA     49,925  7,113,842      139    142.5      143  142  143  143        0  143   96.93   92.86
RS1_CL_S1_5_MiFish.2.fq.gz     FASTQ   DNA     49,925  7,127,082      137    142.8      143  143  143  143        0  143   96.97   92.86
RS1_CL_S1_WC_MiFish.1.fq.gz    FASTQ   DNA      2,356    336,769      141    142.9      143  143  143  143        0  143   95.71   90.59
RS1_CL_S1_WC_MiFish.2.fq.gz    FASTQ   DNA      2,356    334,132      140    141.8      143  141  141  143        0  141   96.29   91.05
RS1_CL_S2_1_MiFish.1.fq.gz     FASTQ   DNA     26,103  3,725,674      108    142.7      143  142  143  143        0  143   96.71   92.45
RS1_CL_S2_1_MiFish.2.fq.gz     FASTQ   DNA     26,103  3,722,819      108    142.6      143  143  143  143        0  143   96.69   92.44
RS1_CL_S2_2_MiFish.1.fq.gz     FASTQ   DNA     27,137  3,875,019      139    142.8      143  143  143  143        0  143   96.73   92.57
RS1_CL_S2_2_MiFish.2.fq.gz     FASTQ   DNA     27,137  3,869,700      133    142.6      143  142  143  143        0  143   96.75   92.52
RS1_CL_S2_3_MiFish.1.fq.gz     FASTQ   DNA     33,448  4,769,255       34    142.6      143  142  143  143        0  143    96.7   92.49
RS1_CL_S2_3_MiFish.2.fq.gz     FASTQ   DNA     33,448  4,770,148       34    142.6      143  142  143  143        0  143   96.52   92.19
RS1_CL_S2_4_MiFish.1.fq.gz     FASTQ   DNA     33,989  4,853,515      139    142.8      143  143  143  143        0  143   96.58   92.25
RS1_CL_S2_4_MiFish.2.fq.gz     FASTQ   DNA     33,989  4,842,543      139    142.5      143  142  143  143        0  143    96.8   92.59
RS1_CL_S2_5_MiFish.1.fq.gz     FASTQ   DNA     30,944  4,415,334      140    142.7      143  142  143  143        0  143   95.55   90.33
RS1_CL_S2_5_MiFish.2.fq.gz     FASTQ   DNA     30,944  4,410,716      139    142.5      143  142  143  143        0  143   96.86   92.62
RS1_CL_S2_WC_MiFish.1.fq.gz    FASTQ   DNA      1,813    258,862      113    142.8      143  143  143  143        0  143   94.89   89.38
RS1_CL_S2_WC_MiFish.2.fq.gz    FASTQ   DNA      1,813    255,967      113    141.2      143  141  141  141        0  141   96.33   90.92
RS1_CL_S3_1_MiFish.1.fq.gz     FASTQ   DNA     30,118  4,291,539      139    142.5      143  142  143  143        0  143   95.24   89.84
RS1_CL_S3_1_MiFish.2.fq.gz     FASTQ   DNA     30,118  4,273,277      139    141.9      143  141  142  143        0  142   97.07   93.01
RS1_CL_S3_2_MiFish.1.fq.gz     FASTQ   DNA     30,622  4,359,896      139    142.4      143  142  142  143        0  142    95.2   89.76
RS1_CL_S3_2_MiFish.2.fq.gz     FASTQ   DNA     30,622  4,355,858      137    142.2      143  141  143  143        0  143    97.2   93.26
RS1_CL_S3_3_MiFish.1.fq.gz     FASTQ   DNA     35,748  5,090,312      138    142.4      143  142  142  143        0  142    95.3   89.89
RS1_CL_S3_3_MiFish.2.fq.gz     FASTQ   DNA     35,748  5,072,394      139    141.9      143  141  142  143        0  142   97.11    93.1
RS1_CL_S3_4_MiFish.1.fq.gz     FASTQ   DNA     18,986  2,702,955      105    142.4      143  142  142  143        0  142   95.29    89.9
RS1_CL_S3_4_MiFish.2.fq.gz     FASTQ   DNA     18,986  2,695,995      105      142      143  141  142  143        0  142   97.05   92.93
RS1_CL_S3_5_MiFish.1.fq.gz     FASTQ   DNA     20,059  2,857,016      140    142.4      143  142  142  143        0  142   95.23   89.79
RS1_CL_S3_5_MiFish.2.fq.gz     FASTQ   DNA     20,059  2,849,783      139    142.1      143  141  142  143        0  142   97.09   93.05
RS1_CL_S3_WC_MiFish.1.fq.gz    FASTQ   DNA      2,051    292,243      140    142.5      143  142  143  143        0  143   95.24   89.84
RS1_CL_S3_WC_MiFish.2.fq.gz    FASTQ   DNA      2,051    290,066      141    141.4      143  141  141  142        0  141   96.25   90.92
RS1_CL_S4_1_MiFish.1.fq.gz     FASTQ   DNA     30,591  4,355,500       60    142.4      143  142  142  143        0  142   95.29   89.83
RS1_CL_S4_1_MiFish.2.fq.gz     FASTQ   DNA     30,591  4,350,194       60    142.2      143  141  142  143        0  142   97.06   92.99
RS1_CL_S4_2_MiFish.1.fq.gz     FASTQ   DNA     23,748  3,380,456      140    142.3      143  142  142  143        0  142   95.14    89.6
RS1_CL_S4_2_MiFish.2.fq.gz     FASTQ   DNA     23,748  3,376,912      137    142.2      143  141  142  143        0  142    96.9   92.74
RS1_CL_S4_3_MiFish.1.fq.gz     FASTQ   DNA     32,932  4,690,711      140    142.4      143  142  142  143        0  142   96.21   91.53
RS1_CL_S4_3_MiFish.2.fq.gz     FASTQ   DNA     32,932  4,681,786      133    142.2      143  141  142  143        0  142   97.11   93.06
RS1_CL_S4_4_MiFish.1.fq.gz     FASTQ   DNA     33,400  4,755,633      140    142.4      143  142  142  143        0  142    96.4   91.86
RS1_CL_S4_4_MiFish.2.fq.gz     FASTQ   DNA     33,400  4,751,566      133    142.3      143  142  143  143        0  143   97.15   93.07
RS1_CL_S4_5_MiFish.1.fq.gz     FASTQ   DNA     33,082  4,713,522      139    142.5      143  142  142  143        0  143    96.3   91.68
RS1_CL_S4_5_MiFish.2.fq.gz     FASTQ   DNA     33,082  4,705,070      137    142.2      143  141  142  143        0  142   97.26    93.3
RS1_CL_S4_WC_MiFish.1.fq.gz    FASTQ   DNA      2,630    375,977      141      143      143  143  143  143        0  143   94.72   88.98
RS1_CL_S4_WC_MiFish.2.fq.gz    FASTQ   DNA      2,630    371,775      141    141.4      143  141  141  142        0  141   96.18   90.86
RS1_IM_BC_MiFish.1.fq.gz       FASTQ   DNA        203     28,926      141    142.5      143  142  143  143        0  143   95.27   90.32
RS1_IM_BC_MiFish.2.fq.gz       FASTQ   DNA        203     28,883      141    142.3      143  141  143  143        0  143    96.7   92.65
RS1_IM_EB_MiFish.1.fq.gz       FASTQ   DNA        236     33,513      140      142      143  141  142  143        0  142   97.01   92.67
RS1_IM_EB_MiFish.2.fq.gz       FASTQ   DNA        236     33,492      141    141.9      143  141  142  143        0  142   97.31   93.69
RS1_IM_L1_1_MiFish.1.fq.gz     FASTQ   DNA     23,717  3,376,929      139    142.4      143  142  142  143        0  142   96.39   91.87
RS1_IM_L1_1_MiFish.2.fq.gz     FASTQ   DNA     23,717  3,380,172      139    142.5      143  142  143  143        0  143   97.13   93.05
RS1_IM_L1_2_MiFish.1.fq.gz     FASTQ   DNA     25,206  3,585,348      136    142.2      143  142  142  143        0  142   96.52   92.11
RS1_IM_L1_2_MiFish.2.fq.gz     FASTQ   DNA     25,206  3,589,839      136    142.4      143  142  143  143        0  143   97.25   93.24
RS1_IM_L1_3_MiFish.1.fq.gz     FASTQ   DNA     18,247  2,598,533      138    142.4      143  142  142  143        0  142    96.4   91.89
RS1_IM_L1_3_MiFish.2.fq.gz     FASTQ   DNA     18,247  2,601,208      133    142.6      143  142  143  143        0  143   97.17   93.12
RS1_IM_L1_4_MiFish.1.fq.gz     FASTQ   DNA     26,692  3,798,325      138    142.3      143  142  142  143        0  142   96.39   91.88
RS1_IM_L1_4_MiFish.2.fq.gz     FASTQ   DNA     26,692  3,804,416      138    142.5      143  142  143  143        0  143    97.1   93.06
RS1_IM_L1_5_MiFish.1.fq.gz     FASTQ   DNA     22,989  3,273,803      139    142.4      143  142  142  143        0  142   96.48   92.02
RS1_IM_L1_5_MiFish.2.fq.gz     FASTQ   DNA     22,989  3,274,385      141    142.4      143  142  143  143        0  143   97.07   92.96
RS1_IM_L1_WC_MiFish.1.fq.gz    FASTQ   DNA      2,322    331,282      141    142.7      143  143  143  143        0  143   95.75    90.8
RS1_IM_L1_WC_MiFish.2.fq.gz    FASTQ   DNA      2,322    330,053      141    142.1      143  141  143  143        0  143   96.73   91.91
RS1_IM_L2_1_MiFish.1.fq.gz     FASTQ   DNA     24,097  3,430,406      141    142.4      143  142  142  143        0  142   96.32   91.79
RS1_IM_L2_1_MiFish.2.fq.gz     FASTQ   DNA     24,097  3,431,718      133    142.4      143  142  143  143        0  143   96.97   92.89
RS1_IM_L2_2_MiFish.1.fq.gz     FASTQ   DNA     21,756  3,094,543      140    142.2      143  142  142  143        0  142   96.59   92.27
RS1_IM_L2_2_MiFish.2.fq.gz     FASTQ   DNA     21,756  3,103,583      140    142.7      143  143  143  143        0  143   96.91   92.74
RS1_IM_L2_3_MiFish.1.fq.gz     FASTQ   DNA     22,564  3,212,114      139    142.4      143  142  142  143        0  142   96.16   91.64
RS1_IM_L2_3_MiFish.2.fq.gz     FASTQ   DNA     22,564  3,215,339      133    142.5      143  142  143  143        0  143   96.98    92.9
RS1_IM_L2_4_MiFish.1.fq.gz     FASTQ   DNA     16,563  2,359,316      140    142.4      143  142  142  143        0  142    96.2   91.57
RS1_IM_L2_4_MiFish.2.fq.gz     FASTQ   DNA     16,563  2,356,261      133    142.3      143  141  143  143        0  143   96.84   92.59
RS1_IM_L2_5_MiFish.1.fq.gz     FASTQ   DNA     16,841  2,395,262      139    142.2      143  142  142  142        0  142   96.45   92.05
RS1_IM_L2_5_MiFish.2.fq.gz     FASTQ   DNA     16,841  2,401,833      140    142.6      143  143  143  143        0  143   97.05   93.03
RS1_IM_L2_WC_MiFish.1.fq.gz    FASTQ   DNA        496     70,816      141    142.8      143  143  143  143        0  143   95.18   89.89
RS1_IM_L2_WC_MiFish.2.fq.gz    FASTQ   DNA        496     70,106      141    141.3      143  141  141  142        0  141   96.38   91.33
RS1_IM_L3_1_MiFish.1.fq.gz     FASTQ   DNA     16,747  2,389,933      140    142.7      143  142  143  143        0  143   96.09   91.25
RS1_IM_L3_1_MiFish.2.fq.gz     FASTQ   DNA     16,747  2,379,836      133    142.1      143  142  142  143        0  142   96.99   92.92
RS1_IM_L3_2_MiFish.1.fq.gz     FASTQ   DNA     22,919  3,265,541      141    142.5      143  142  142  143        0  142   96.16   91.52
RS1_IM_L3_2_MiFish.2.fq.gz     FASTQ   DNA     22,919  3,263,981      133    142.4      143  142  143  143        0  143   96.97   92.84
RS1_IM_L3_3_MiFish.1.fq.gz     FASTQ   DNA     17,857  2,543,340       27    142.4      143  142  142  143        0  142   96.25   91.62
RS1_IM_L3_3_MiFish.2.fq.gz     FASTQ   DNA     17,857  2,544,108       27    142.5      143  142  143  143        0  143   96.79   92.59
RS1_IM_L3_4_MiFish.1.fq.gz     FASTQ   DNA     27,525  3,918,131      139    142.3      143  142  142  143        0  142   96.23   91.56
RS1_IM_L3_4_MiFish.2.fq.gz     FASTQ   DNA     27,525  3,921,368      133    142.5      143  142  143  143        0  143   97.13   93.07
RS1_IM_L3_5_MiFish.1.fq.gz     FASTQ   DNA     27,044  3,853,393      140    142.5      143  142  143  143        0  143   96.08   91.34
RS1_IM_L3_5_MiFish.2.fq.gz     FASTQ   DNA     27,044  3,848,602      138    142.3      143  142  142  143        0  142   97.09   93.05
RS1_IM_L3_WC_MiFish.1.fq.gz    FASTQ   DNA      1,145    163,649      141    142.9      143  143  143  143        0  143    94.4   88.76
RS1_IM_L3_WC_MiFish.2.fq.gz    FASTQ   DNA      1,145    162,344      141    141.8      143  141  141  143        0  141   96.54   91.38
RS1_IM_S1_1_MiFish.1.fq.gz     FASTQ   DNA     44,871  6,393,041      140    142.5      143  142  143  143        0  143   96.23   91.61
RS1_IM_S1_1_MiFish.2.fq.gz     FASTQ   DNA     44,871  6,393,944      133    142.5      143  142  143  143        0  143   96.56   92.28
RS1_IM_S1_2_MiFish.1.fq.gz     FASTQ   DNA     37,164  5,291,799      140    142.4      143  142  142  143        0  142   96.27   91.72
RS1_IM_S1_2_MiFish.2.fq.gz     FASTQ   DNA     37,164  5,296,953       81    142.5      143  142  143  143        0  143   96.62   92.25
RS1_IM_S1_3_MiFish.1.fq.gz     FASTQ   DNA     26,730  3,805,704      139    142.4      143  142  142  143        0  142   96.27   91.79
RS1_IM_S1_3_MiFish.2.fq.gz     FASTQ   DNA     26,730  3,807,418      138    142.4      143  142  143  143        0  143   96.31   91.84
RS1_IM_S1_4_MiFish.1.fq.gz     FASTQ   DNA     26,431  3,764,738      140    142.4      143  142  142  143        0  142   96.36   91.87
RS1_IM_S1_4_MiFish.2.fq.gz     FASTQ   DNA     26,431  3,767,343      137    142.5      143  142  143  143        0  143   96.46   92.06
RS1_IM_S1_5_MiFish.1.fq.gz     FASTQ   DNA     47,950  6,826,580      139    142.4      143  142  142  143        0  142   96.28   91.75
RS1_IM_S1_5_MiFish.2.fq.gz     FASTQ   DNA     47,950  6,831,206      137    142.5      143  142  143  143        0  143   96.36   91.96
RS1_IM_S1_WC_MiFish.1.fq.gz    FASTQ   DNA      1,205    172,237      140    142.9      143  143  143  143        0  143   94.62   88.83
RS1_IM_S1_WC_MiFish.2.fq.gz    FASTQ   DNA      1,205    170,092      141    141.2      143  141  141  141        0  141   95.93   90.29
RS1_IM_S2_1_MiFish.1.fq.gz     FASTQ   DNA     32,247  4,603,126      140    142.7      143  143  143  143        0  143   96.15   91.51
RS1_IM_S2_1_MiFish.2.fq.gz     FASTQ   DNA     32,247  4,602,685      139    142.7      143  143  143  143        0  143    96.6   92.27
RS1_IM_S2_2_MiFish.1.fq.gz     FASTQ   DNA     19,570  2,790,779      140    142.6      143  142  143  143        0  143   96.54   92.11
RS1_IM_S2_2_MiFish.2.fq.gz     FASTQ   DNA     19,570  2,791,050      133    142.6      143  143  143  143        0  143    96.8   92.64
RS1_IM_S2_3_MiFish.1.fq.gz     FASTQ   DNA     17,929  2,559,930      140    142.8      143  143  143  143        0  143   96.37   91.93
RS1_IM_S2_3_MiFish.2.fq.gz     FASTQ   DNA     17,929  2,554,379      140    142.5      143  142  143  143        0  143   96.91   92.79
RS1_IM_S2_4_MiFish.1.fq.gz     FASTQ   DNA     19,336  2,758,767      140    142.7      143  142  143  143        0  143    96.3   91.78
RS1_IM_S2_4_MiFish.2.fq.gz     FASTQ   DNA     19,336  2,755,453      137    142.5      143  142  143  143        0  143   96.82   92.69
RS1_IM_S2_5_MiFish.1.fq.gz     FASTQ   DNA     23,139  3,298,736      140    142.6      143  142  143  143        0  143   96.47      92
RS1_IM_S2_5_MiFish.2.fq.gz     FASTQ   DNA     23,139  3,299,986      139    142.6      143  143  143  143        0  143   96.89   92.75
RS1_IM_S2_WC_MiFish.1.fq.gz    FASTQ   DNA      1,293    184,842      141      143      143  143  143  143        0  143    95.1   89.57
RS1_IM_S2_WC_MiFish.2.fq.gz    FASTQ   DNA      1,293    182,573      140    141.2      143  141  141  141        0  141   95.74   89.99
RS1_IM_S3_1_MiFish.1.fq.gz     FASTQ   DNA     10,149  1,447,249      140    142.6      143  142  143  143        0  143   95.96   91.14
RS1_IM_S3_1_MiFish.2.fq.gz     FASTQ   DNA     10,149  1,442,923      141    142.2      143  142  142  143        0  142   96.83   92.55
RS1_IM_S3_2_MiFish.1.fq.gz     FASTQ   DNA      8,507  1,212,609      141    142.5      143  142  143  143        0  143   96.23   91.57
RS1_IM_S3_2_MiFish.2.fq.gz     FASTQ   DNA      8,507  1,209,412      133    142.2      143  142  142  143        0  142      97   92.81
RS1_IM_S3_3_MiFish.1.fq.gz     FASTQ   DNA     16,160  2,295,818      141    142.1      143  142  142  142        0  142   96.23   91.59
RS1_IM_S3_3_MiFish.2.fq.gz     FASTQ   DNA     16,160  2,310,060      141    142.9      143  143  143  143        0  143   96.79   92.41
RS1_IM_S3_4_MiFish.1.fq.gz     FASTQ   DNA     10,428  1,487,724      138    142.7      143  142  143  143        0  143   95.98   91.12
RS1_IM_S3_4_MiFish.2.fq.gz     FASTQ   DNA     10,428  1,481,099      141      142      143  142  142  143        0  142   96.83   92.56
RS1_IM_S3_5_MiFish.1.fq.gz     FASTQ   DNA     18,860  2,689,573      140    142.6      143  142  143  143        0  143   96.18   91.47
RS1_IM_S3_5_MiFish.2.fq.gz     FASTQ   DNA     18,860  2,679,123      133    142.1      143  142  142  143        0  142   97.08   92.95
RS1_IM_S3_WC_MiFish.1.fq.gz    FASTQ   DNA      1,114    159,070      141    142.8      143  143  143  143        0  143   94.69   89.12
RS1_IM_S3_WC_MiFish.2.fq.gz    FASTQ   DNA      1,114    157,622      141    141.5      143  141  141  142        0  141   96.03   90.81
RS1_IM_S4_1_MiFish.1.fq.gz     FASTQ   DNA     18,858  2,687,155      140    142.5      143  142  143  143        0  143   96.05   91.35
RS1_IM_S4_1_MiFish.2.fq.gz     FASTQ   DNA     18,858  2,683,245      141    142.3      143  142  142  143        0  142    96.9   92.69
RS1_IM_S4_2_MiFish.1.fq.gz     FASTQ   DNA     21,434  3,054,840      140    142.5      143  142  143  143        0  143   96.01   91.23
RS1_IM_S4_2_MiFish.2.fq.gz     FASTQ   DNA     21,434  3,049,722      139    142.3      143  142  142  143        0  142   97.06      93
RS1_IM_S4_3_MiFish.1.fq.gz     FASTQ   DNA     18,049  2,570,962      139    142.4      143  142  142  143        0  142   96.05    91.3
RS1_IM_S4_3_MiFish.2.fq.gz     FASTQ   DNA     18,049  2,565,172      137    142.1      143  141  142  143        0  142   96.88   92.62
RS1_IM_S4_4_MiFish.1.fq.gz     FASTQ   DNA     18,990  2,705,118      140    142.4      143  142  142  143        0  142   96.06   91.36
RS1_IM_S4_4_MiFish.2.fq.gz     FASTQ   DNA     18,990  2,700,032      139    142.2      143  141  142  143        0  142   96.98   92.76
RS1_IM_S4_5_MiFish.1.fq.gz     FASTQ   DNA     13,934  1,984,746      140    142.4      143  142  142  143        0  142   96.12   91.46
RS1_IM_S4_5_MiFish.2.fq.gz     FASTQ   DNA     13,934  1,981,547      140    142.2      143  142  142  143        0  142   96.96   92.77
RS1_IM_S4_WC_MiFish.1.fq.gz    FASTQ   DNA        973    139,074      141    142.9      143  143  143  143        0  143   94.51   88.78
RS1_IM_S4_WC_MiFish.2.fq.gz    FASTQ   DNA        973    137,677      141    141.5      143  141  141  142        0  141   95.58   89.85
RS1_ME_BC_MiFish.1.fq.gz       FASTQ   DNA        314     44,628      141    142.1      143  142  142  142        0  142   96.62   92.09
RS1_ME_BC_MiFish.2.fq.gz       FASTQ   DNA        314     44,410      141    141.4      143  141  141  141        0  141   96.57   91.97
RS1_ME_EB_MiFish.1.fq.gz       FASTQ   DNA      1,728    246,560      140    142.7      143  142  143  143        0  143   95.89   91.37
RS1_ME_EB_MiFish.2.fq.gz       FASTQ   DNA      1,728    245,275      141    141.9      143  141  141  143        0  141   97.32   93.44
RS1_ME_L1_1_MiFish.1.fq.gz     FASTQ   DNA     22,289  3,168,644      139    142.2      143  142  142  143        0  142   96.67   92.37
RS1_ME_L1_1_MiFish.2.fq.gz     FASTQ   DNA     22,289  3,173,823      133    142.4      143  142  143  143        0  143   96.91   92.85
RS1_ME_L1_2_MiFish.1.fq.gz     FASTQ   DNA     24,098  3,428,259      139    142.3      143  142  142  143        0  142   96.68   92.46
RS1_ME_L1_2_MiFish.2.fq.gz     FASTQ   DNA     24,098  3,426,033      139    142.2      143  142  142  143        0  142    97.1   93.12
RS1_ME_L1_3_MiFish.1.fq.gz     FASTQ   DNA     22,412  3,193,029      138    142.5      143  142  143  143        0  143   96.96   92.97
RS1_ME_L1_3_MiFish.2.fq.gz     FASTQ   DNA     22,412  3,191,923      139    142.4      143  142  143  143        0  143   97.39   93.57
RS1_ME_L1_4_MiFish.1.fq.gz     FASTQ   DNA     21,929  3,118,507      139    142.2      143  142  142  143        0  142   97.08   93.02
RS1_ME_L1_4_MiFish.2.fq.gz     FASTQ   DNA     21,929  3,121,993      139    142.4      143  142  142  143        0  142   97.41    93.6
RS1_ME_L1_5_MiFish.1.fq.gz     FASTQ   DNA     22,489  3,199,138      138    142.3      143  142  142  143        0  142   96.53   92.38
RS1_ME_L1_5_MiFish.2.fq.gz     FASTQ   DNA     22,489  3,199,450      137    142.3      143  142  142  143        0  142   97.11   93.25
RS1_ME_L1_WC_MiFish.1.fq.gz    FASTQ   DNA         80     11,409      141    142.6      143  142  143  143        0  143   95.54   89.94
RS1_ME_L1_WC_MiFish.2.fq.gz    FASTQ   DNA         80     11,341      141    141.8      143  141  141  143        0  141   96.31   91.24
RS1_ME_L2_1_MiFish.1.fq.gz     FASTQ   DNA     16,856  2,405,203      138    142.7      143  142  143  143        0  143    96.4   92.05
RS1_ME_L2_1_MiFish.2.fq.gz     FASTQ   DNA     16,856  2,391,935      133    141.9      143  141  142  143        0  142   97.05   92.96
RS1_ME_L2_2_MiFish.1.fq.gz     FASTQ   DNA     17,368  2,475,564      139    142.5      143  142  143  143        0  143   96.94   92.81
RS1_ME_L2_2_MiFish.2.fq.gz     FASTQ   DNA     17,368  2,474,133      139    142.5      143  142  143  143        0  143   96.95   92.86
RS1_ME_L2_3_MiFish.1.fq.gz     FASTQ   DNA     15,117  2,153,142      138    142.4      143  142  142  143        0  142   96.79   92.58
RS1_ME_L2_3_MiFish.2.fq.gz     FASTQ   DNA     15,117  2,150,131      139    142.2      143  141  143  143        0  143   97.14   93.15
RS1_ME_L2_4_MiFish.1.fq.gz     FASTQ   DNA     23,004  3,279,552      138    142.6      143  142  143  143        0  143   96.87   92.67
RS1_ME_L2_4_MiFish.2.fq.gz     FASTQ   DNA     23,004  3,277,009      139    142.5      143  142  143  143        0  143    97.3    93.4
RS1_ME_L2_5_MiFish.1.fq.gz     FASTQ   DNA     18,725  2,671,780      138    142.7      143  142  143  143        0  143   96.87    92.7
RS1_ME_L2_5_MiFish.2.fq.gz     FASTQ   DNA     18,725  2,668,763      139    142.5      143  142  143  143        0  143   97.01   92.97
RS1_ME_L2_WC_MiFish.1.fq.gz    FASTQ   DNA      1,432    204,738      141      143      143  143  143  143        0  143   94.88   89.24
RS1_ME_L2_WC_MiFish.2.fq.gz    FASTQ   DNA      1,432    202,552      141    141.4      143  141  141  141        0  141   96.35    91.1
RS1_ME_L3_1_MiFish.1.fq.gz     FASTQ   DNA     33,470  4,757,040      136    142.1      143  142  142  143        0  142   96.23   91.79
RS1_ME_L3_1_MiFish.2.fq.gz     FASTQ   DNA     33,470  4,763,662      139    142.3      143  141  143  143        0  143   96.87   92.74
RS1_ME_L3_2_MiFish.1.fq.gz     FASTQ   DNA     31,883  4,529,930      138    142.1      143  141  142  143        0  142   96.54    92.2
RS1_ME_L3_2_MiFish.2.fq.gz     FASTQ   DNA     31,883  4,535,597      138    142.3      143  142  143  143        0  143   96.92   92.77
RS1_ME_L3_3_MiFish.1.fq.gz     FASTQ   DNA     34,562  4,920,114      139    142.4      143  142  142  143        0  142   96.41   91.95
RS1_ME_L3_3_MiFish.2.fq.gz     FASTQ   DNA     34,562  4,908,822      139      142      143  142  142  143        0  142   97.11   93.26
RS1_ME_L3_4_MiFish.1.fq.gz     FASTQ   DNA     25,659  3,654,517      139    142.4      143  142  143  143        0  143    96.4   91.95
RS1_ME_L3_4_MiFish.2.fq.gz     FASTQ   DNA     25,659  3,650,835      139    142.3      143  141  143  143        0  143   96.98    92.9
RS1_ME_L3_5_MiFish.1.fq.gz     FASTQ   DNA     23,513  3,341,636      139    142.1      143  141  142  143        0  142   96.66   92.42
RS1_ME_L3_5_MiFish.2.fq.gz     FASTQ   DNA     23,513  3,340,297      138    142.1      143  141  142  143        0  142   96.91   92.83
RS1_ME_L3_WC_MiFish.1.fq.gz    FASTQ   DNA        647     92,495      141      143      143  143  143  143        0  143   94.52   88.76
RS1_ME_L3_WC_MiFish.2.fq.gz    FASTQ   DNA        647     91,373      140    141.2      143  141  141  141        0  141   95.85   90.15
RS1_ME_S1_1_MiFish.1.fq.gz     FASTQ   DNA     17,505  2,500,062      140    142.8      143  143  143  143        0  143   96.01   91.11
RS1_ME_S1_1_MiFish.2.fq.gz     FASTQ   DNA     17,505  2,486,278      139      142      143  142  142  142        0  142   97.05   92.89
RS1_ME_S1_2_MiFish.1.fq.gz     FASTQ   DNA     35,562  5,079,906      140    142.8      143  143  143  143        0  143   96.34   91.75
RS1_ME_S1_2_MiFish.2.fq.gz     FASTQ   DNA     35,562  5,051,294      133      142      143  141  142  143        0  142   97.08   92.98
RS1_ME_S1_3_MiFish.1.fq.gz     FASTQ   DNA     23,798  3,398,523      140    142.8      143  143  143  143        0  143    96.2   91.51
RS1_ME_S1_3_MiFish.2.fq.gz     FASTQ   DNA     23,798  3,372,740      140    141.7      143  141  142  142        0  142   97.05   93.07
RS1_ME_S1_4_MiFish.1.fq.gz     FASTQ   DNA     29,799  4,257,292      140    142.9      143  143  143  143        0  143   95.77   90.68
RS1_ME_S1_4_MiFish.2.fq.gz     FASTQ   DNA     29,799  4,225,496      141    141.8      143  141  142  142        0  142   97.42   93.63
RS1_ME_S1_5_MiFish.1.fq.gz     FASTQ   DNA     29,140  4,162,574      118    142.8      143  143  143  143        0  143   96.15   91.34
RS1_ME_S1_5_MiFish.2.fq.gz     FASTQ   DNA     29,140  4,122,662      118    141.5      143  141  141  142        0  141   97.44   93.68
RS1_ME_S1_WC_MiFish.1.fq.gz    FASTQ   DNA      1,153    163,811      140    142.1      143  141  143  143        0  143   95.69    90.7
RS1_ME_S1_WC_MiFish.2.fq.gz    FASTQ   DNA      1,153    163,775      140      142      143  141  143  143        0  143    96.6   91.61
RS1_ME_S2_1_MiFish.1.fq.gz     FASTQ   DNA     44,864  6,401,489       47    142.7      143  143  143  143        0  143   96.26   91.54
RS1_ME_S2_1_MiFish.2.fq.gz     FASTQ   DNA     44,864  6,407,870       47    142.8      143  143  143  143        0  143   97.29   93.36
RS1_ME_S2_2_MiFish.1.fq.gz     FASTQ   DNA     40,238  5,744,420      139    142.8      143  143  143  143        0  143   96.33   91.61
RS1_ME_S2_2_MiFish.2.fq.gz     FASTQ   DNA     40,238  5,741,201      139    142.7      143  143  143  143        0  143    97.1   92.94
RS1_ME_S2_3_MiFish.1.fq.gz     FASTQ   DNA     26,683  3,810,238      134    142.8      143  143  143  143        0  143   96.58   92.06
RS1_ME_S2_3_MiFish.2.fq.gz     FASTQ   DNA     26,683  3,810,424      134    142.8      143  143  143  143        0  143   97.01   92.86
RS1_ME_S2_4_MiFish.1.fq.gz     FASTQ   DNA     28,815  4,114,072      140    142.8      143  143  143  143        0  143   96.48   91.93
RS1_ME_S2_4_MiFish.2.fq.gz     FASTQ   DNA     28,815  4,112,258      139    142.7      143  143  143  143        0  143   97.15    93.1
RS1_ME_S2_5_MiFish.1.fq.gz     FASTQ   DNA     42,271  6,026,349       56    142.6      143  142  143  143        0  143   96.65   92.17
RS1_ME_S2_5_MiFish.2.fq.gz     FASTQ   DNA     42,271  6,036,013       56    142.8      143  143  143  143        0  143    97.1   92.96
RS1_ME_S2_WC_MiFish.1.fq.gz    FASTQ   DNA      1,650    235,872      141      143      143  143  143  143        0  143   94.51    88.8
RS1_ME_S2_WC_MiFish.2.fq.gz    FASTQ   DNA      1,650    232,924      141    141.2      143  141  141  141        0  141   95.82   90.19
RS1_ME_S3_1_MiFish.1.fq.gz     FASTQ   DNA     19,352  2,753,152      140    142.3      143  142  142  143        0  142   96.25   91.49
RS1_ME_S3_1_MiFish.2.fq.gz     FASTQ   DNA     19,352  2,760,902      141    142.7      143  143  143  143        0  143   96.91   92.68
RS1_ME_S3_2_MiFish.1.fq.gz     FASTQ   DNA     18,839  2,679,646      140    142.2      143  142  142  143        0  142   96.32   91.72
RS1_ME_S3_2_MiFish.2.fq.gz     FASTQ   DNA     18,839  2,687,228      133    142.6      143  142  143  143        0  143   96.98   92.83
RS1_ME_S3_3_MiFish.1.fq.gz     FASTQ   DNA     17,477  2,487,429      140    142.3      143  142  142  143        0  142   96.11   91.34
RS1_ME_S3_3_MiFish.2.fq.gz     FASTQ   DNA     17,477  2,491,095      141    142.5      143  142  143  143        0  143      97   92.94
RS1_ME_S3_4_MiFish.1.fq.gz     FASTQ   DNA     12,018  1,707,352      140    142.1      143  142  142  142        0  142   95.23   89.92
RS1_ME_S3_4_MiFish.2.fq.gz     FASTQ   DNA     12,018  1,717,820      137    142.9      143  143  143  143        0  143   96.82   92.46
RS1_ME_S3_5_MiFish.1.fq.gz     FASTQ   DNA     13,448  1,910,973      141    142.1      143  142  142  142        0  142   95.93   91.11
RS1_ME_S3_5_MiFish.2.fq.gz     FASTQ   DNA     13,448  1,921,671      141    142.9      143  143  143  143        0  143   96.03   90.92
RS1_ME_S3_WC_MiFish.1.fq.gz    FASTQ   DNA      2,522    360,569      140      143      143  143  143  143        0  143    95.3   89.86
RS1_ME_S3_WC_MiFish.2.fq.gz    FASTQ   DNA      2,522    356,466      141    141.3      143  141  141  141        0  141   96.14   90.62
RS1_ME_S4_1(2)_MiFish.1.fq.gz  FASTQ   DNA     25,867  3,679,727      140    142.3      143  142  142  143        0  142   96.01   91.22
RS1_ME_S4_1(2)_MiFish.2.fq.gz  FASTQ   DNA     25,867  3,682,116      139    142.3      143  142  143  143        0  143   96.62    92.2
RS1_ME_S4_1_MiFish.1.fq.gz     FASTQ   DNA     18,367  2,614,448      139    142.3      143  142  142  143        0  142   96.06   91.35
RS1_ME_S4_1_MiFish.2.fq.gz     FASTQ   DNA     18,367  2,615,084      141    142.4      143  142  143  143        0  143   96.74   92.48
RS1_ME_S4_2_MiFish.1.fq.gz     FASTQ   DNA     20,231  2,875,699      140    142.1      143  142  142  142        0  142   96.07   91.36
RS1_ME_S4_2_MiFish.2.fq.gz     FASTQ   DNA     20,231  2,879,871      139    142.3      143  142  143  143        0  143   96.55    92.1
RS1_ME_S4_3_MiFish.1.fq.gz     FASTQ   DNA     31,503  4,480,007      139    142.2      143  142  142  143        0  142   96.29   91.76
RS1_ME_S4_3_MiFish.2.fq.gz     FASTQ   DNA     31,503  4,488,391      139    142.5      143  142  143  143        0  143   97.18    93.1
RS1_ME_S4_4_MiFish.1.fq.gz     FASTQ   DNA     31,478  4,478,394      140    142.3      143  142  142  143        0  142   96.52   92.06
RS1_ME_S4_4_MiFish.2.fq.gz     FASTQ   DNA     31,478  4,480,939      139    142.4      143  142  143  143        0  143   97.23   93.22
RS1_ME_S4_5_MiFish.1.fq.gz     FASTQ   DNA     28,341  4,032,811      140    142.3      143  142  142  143        0  142   96.31   91.79
RS1_ME_S4_5_MiFish.2.fq.gz     FASTQ   DNA     28,341  4,031,433      133    142.2      143  141  143  143        0  143   97.32   93.44
RS1_ME_S4_WC_MiFish.1.fq.gz    FASTQ   DNA        637     91,009      140    142.9      143  143  143  143        0  143   94.49   88.79
RS1_ME_S4_WC_MiFish.2.fq.gz    FASTQ   DNA        637     89,987      141    141.3      143  141  141  141        0  141   96.14   90.45
