file                        format  type  num_seqs    sum_len  min_len  avg_len  max_len     Q1     Q2     Q3  sum_gap  N50  Q20(%)  Q30(%)
MT1_10_1_16S.1.fq.gz        FASTQ   DNA     31,582  4,482,564      139    141.9      143    141    142    143        0  142   97.19   93.37
MT1_10_1_16S.2.fq.gz        FASTQ   DNA     31,582  4,505,082      139    142.6      143    142    143    143        0  143   96.74   92.42
MT1_10_2_16S.1.fq.gz        FASTQ   DNA     31,453  4,471,315      139    142.2      143    142    142    143        0  142   97.24   93.46
MT1_10_2_16S.2.fq.gz        FASTQ   DNA     31,453  4,489,074      139    142.7      143    142    143    143        0  143   96.69   92.26
MT1_10_3_16S.1.fq.gz        FASTQ   DNA     35,901  5,101,009      139    142.1      143    142    142    142        0  142   97.42   93.63
MT1_10_3_16S.2.fq.gz        FASTQ   DNA     35,901  5,116,267      138    142.5      143    142    143    143        0  143   97.08   92.96
MT1_10_4_16S.1.fq.gz        FASTQ   DNA     33,310  4,736,251      139    142.2      143    142    142    143        0  142   97.29   93.46
MT1_10_4_16S.2.fq.gz        FASTQ   DNA     33,310  4,754,611      139    142.7      143    142    143    143        0  143   96.96   92.88
MT1_10_5_16S.1.fq.gz        FASTQ   DNA     31,391  4,458,792      139      142      143    142    142    143        0  142   97.25   93.44
MT1_10_5_16S.2.fq.gz        FASTQ   DNA     31,391  4,483,928      139    142.8      143    143    143    143        0  143   97.11   93.03
MT1_10_WC_16S.1.fq.gz       FASTQ   DNA         44      6,259      141    142.3      143  141.5  142.5    143        0  143   97.27   94.22
MT1_10_WC_16S.2.fq.gz       FASTQ   DNA         44      6,274      142    142.6      143    142    143    143        0  143   96.56   92.13
MT1_11_1_16S.1.fq.gz        FASTQ   DNA     18,747  2,677,092      139    142.8      143    143    143    143        0  143   97.73   94.28
MT1_11_1_16S.2.fq.gz        FASTQ   DNA     18,747  2,677,917      139    142.8      143    143    143    143        0  143   96.97   93.07
MT1_1_1_16S.1.fq.gz         FASTQ   DNA     27,375  3,894,854      139    142.3      143    142    143    143        0  143   96.99    92.9
MT1_1_1_16S.2.fq.gz         FASTQ   DNA     27,375  3,904,828      138    142.6      143    142    143    143        0  143   96.88   92.58
MT1_11_2_16S.1.fq.gz        FASTQ   DNA     29,252  4,169,315      139    142.5      143    142    143    143        0  143   97.43   93.73
MT1_11_2_16S.2.fq.gz        FASTQ   DNA     29,252  4,179,897      139    142.9      143    143    143    143        0  143   97.01    92.9
MT1_11_3_16S.1.fq.gz        FASTQ   DNA     28,291  4,036,577      139    142.7      143    143    143    143        0  143   97.56   94.03
MT1_11_3_16S.2.fq.gz        FASTQ   DNA     28,291  4,039,776      138    142.8      143    143    143    143        0  143   97.28   93.46
MT1_11_4_16S.1.fq.gz        FASTQ   DNA     26,866  3,825,627      139    142.4      143    142    143    143        0  143   97.33   93.51
MT1_11_4_16S.2.fq.gz        FASTQ   DNA     26,866  3,836,890      140    142.8      143    143    143    143        0  143   96.73   92.48
MT1_11_5_16S.1.fq.gz        FASTQ   DNA     19,402  2,760,372      139    142.3      143    142    143    143        0  143   97.32   93.65
MT1_11_5_16S.2.fq.gz        FASTQ   DNA     19,402  2,771,716      139    142.9      143    143    143    143        0  143   96.64    92.3
MT1_11_WC_16S.1.fq.gz       FASTQ   DNA         67      9,515      140      142      143    141    142    143        0  142    96.7   92.11
MT1_11_WC_16S.2.fq.gz       FASTQ   DNA         67      9,560      140    142.7      143    142    143    143        0  143   95.72   90.47
MT1_12_1_16S.1.fq.gz        FASTQ   DNA     23,351  3,311,982      139    141.8      143    141    142    142        0  142   97.19   93.29
MT1_12_1_16S.2.fq.gz        FASTQ   DNA     23,351  3,328,191      138    142.5      143    142    143    143        0  143   96.66   92.28
MT1_1_2_16S.1.fq.gz         FASTQ   DNA     18,631  2,646,151      139      142      143    142    142    143        0  142    96.7   92.61
MT1_1_2_16S.2.fq.gz         FASTQ   DNA     18,631  2,659,405      139    142.7      143    142    143    143        0  143   96.67   92.26
MT1_12_2_16S.1.fq.gz        FASTQ   DNA     27,220  3,865,532      139      142      143    142    142    143        0  142    97.4   93.53
MT1_12_2_16S.2.fq.gz        FASTQ   DNA     27,220  3,880,569      139    142.6      143    142    143    143        0  143   96.93    92.8
MT1_12_3_16S.1.fq.gz        FASTQ   DNA     20,268  2,877,326      139      142      143    141    142    143        0  142   97.17   93.15
MT1_12_3_16S.2.fq.gz        FASTQ   DNA     20,268  2,892,868      139    142.7      143    142    143    143        0  143   96.96   92.79
MT1_12_4_16S.1.fq.gz        FASTQ   DNA     24,016  3,409,829      139      142      143    142    142    143        0  142   97.24   93.21
MT1_12_4_16S.2.fq.gz        FASTQ   DNA     24,016  3,425,288      139    142.6      143    142    143    143        0  143   96.79   92.49
MT1_12_5_16S.1.fq.gz        FASTQ   DNA     21,547  3,063,537      139    142.2      143    142    142    143        0  142   97.23   93.26
MT1_12_5_16S.2.fq.gz        FASTQ   DNA     21,547  3,073,841      139    142.7      143    142    143    143        0  143   96.91   92.78
MT1_12_WC_16S.1.fq.gz       FASTQ   DNA         59      8,363      140    141.7      143    141    142    143        0  142   95.42   90.53
MT1_12_WC_16S.2.fq.gz       FASTQ   DNA         59      8,418      139    142.7      143    143    143    143        0  143   94.84    89.4
MT1_13_1_16S.1.fq.gz        FASTQ   DNA     26,764  3,799,456      139      142      143    141    142    143        0  142   97.07   93.07
MT1_13_1_16S.2.fq.gz        FASTQ   DNA     26,764  3,819,524      138    142.7      143    142    143    143        0  143   96.77   92.39
MT1_1_3_16S.1.fq.gz         FASTQ   DNA     26,753  3,792,206      139    141.7      143    141    142    143        0  142    96.8   92.75
MT1_1_3_16S.2.fq.gz         FASTQ   DNA     26,753  3,812,718      138    142.5      143    142    143    143        0  143   96.67   92.21
MT1_13_2_16S.1.fq.gz        FASTQ   DNA     20,154  2,865,335      139    142.2      143    142    142    143        0  142    96.8   92.77
MT1_13_2_16S.2.fq.gz        FASTQ   DNA     20,154  2,876,324      139    142.7      143    142    143    143        0  143   96.66    92.2
MT1_13_3_16S.1.fq.gz        FASTQ   DNA     20,171  2,865,137       85      142      143    141    142    143        0  142   97.19   93.27
MT1_13_3_16S.2.fq.gz        FASTQ   DNA     20,171  2,878,093       85    142.7      143    142    143    143        0  143   96.87   92.62
MT1_13_4_16S.1.fq.gz        FASTQ   DNA     17,311  2,458,177      139      142      143    142    142    142        0  142   97.06   93.09
MT1_13_4_16S.2.fq.gz        FASTQ   DNA     17,311  2,471,431      139    142.8      143    143    143    143        0  143   96.79   92.42
MT1_13_WC_16S.1.fq.gz       FASTQ   DNA         61      8,653      140    141.9      143    141    142    143        0  142   96.26   92.49
MT1_13_WC_16S.2.fq.gz       FASTQ   DNA         61      8,707      141    142.7      143    143    143    143        0  143   96.81   92.81
MT1_14_1_16S.1.fq.gz        FASTQ   DNA     16,093  2,285,839      139      142      143    142    142    143        0  142   97.22   93.36
MT1_14_1_16S.2.fq.gz        FASTQ   DNA     16,093  2,295,086      140    142.6      143    142    143    143        0  143   96.99   92.77
MT1_1_4_16S.1.fq.gz         FASTQ   DNA     25,668  3,649,154      139    142.2      143    142    142    143        0  142   96.86   92.79
MT1_1_4_16S.2.fq.gz         FASTQ   DNA     25,668  3,660,881      139    142.6      143    142    143    143        0  143   96.79   92.46
MT1_14_2_16S.1.fq.gz        FASTQ   DNA     23,235  3,287,504      139    141.5      143    140    142    143        0  142   97.04   93.08
MT1_14_2_16S.2.fq.gz        FASTQ   DNA     23,235  3,316,041      139    142.7      143    142    143    143        0  143   96.87   92.56
MT1_14_3_16S.1.fq.gz        FASTQ   DNA     12,533  1,776,446      139    141.7      143    141    142    143        0  142   97.14   93.22
MT1_14_3_16S.2.fq.gz        FASTQ   DNA     12,533  1,786,698      139    142.6      143    142    143    143        0  143   97.01   92.88
MT1_14_4_16S.1.fq.gz        FASTQ   DNA     33,158  4,710,317      139    142.1      143    142    142    142        0  142   97.31   93.44
MT1_14_4_16S.2.fq.gz        FASTQ   DNA     33,158  4,719,163      139    142.3      143    142    142    143        0  142    97.1    93.1
MT1_14_5_16S.1.fq.gz        FASTQ   DNA     20,316  2,878,869      138    141.7      143    141    142    142        0  142   97.11      93
MT1_14_5_16S.2.fq.gz        FASTQ   DNA     20,316  2,892,962      138    142.4      143    142    142    143        0  142   96.91   92.72
MT1_14_WC_16S.1.fq.gz       FASTQ   DNA         16      2,279      140    142.4      143  142.5    143    143        0  143   98.64   95.57
MT1_14_WC_16S.2.fq.gz       FASTQ   DNA         16      2,283      141    142.7      143    143    143    143        0  143   96.89    93.6
MT1_15_1_16S.1.fq.gz        FASTQ   DNA     20,497  2,900,916       99    141.5      143    141    141    142        0  141   97.21   93.33
MT1_15_1_16S.2.fq.gz        FASTQ   DNA     20,497  2,928,503       99    142.9      143    143    143    143        0  143    97.1   93.01
MT1_1_5_16S.1.fq.gz         FASTQ   DNA     28,247  4,011,407      139      142      143    141    142    143        0  142    96.8   92.74
MT1_1_5_16S.2.fq.gz         FASTQ   DNA     28,247  4,031,949      139    142.7      143    142    143    143        0  143   96.62   92.17
MT1_15_2_16S.1.fq.gz        FASTQ   DNA     22,708  3,220,563      139    141.8      143    141    142    143        0  142   97.23   93.29
MT1_15_2_16S.2.fq.gz        FASTQ   DNA     22,708  3,242,699      139    142.8      143    143    143    143        0  143   96.82   92.53
MT1_15_3_16S.1.fq.gz        FASTQ   DNA     19,975  2,828,258       55    141.6      143    141    142    142        0  142   97.08   93.07
MT1_15_3_16S.2.fq.gz        FASTQ   DNA     19,975  2,850,745       55    142.7      143    142    143    143        0  143    97.1   93.05
MT1_15_4_16S.1.fq.gz        FASTQ   DNA     23,282  3,299,370       77    141.7      143    141    142    142        0  142   96.96   92.94
MT1_15_4_16S.2.fq.gz        FASTQ   DNA     23,282  3,325,222       77    142.8      143    143    143    143        0  143   97.06   92.93
MT1_15_5_16S.1.fq.gz        FASTQ   DNA     17,325  2,454,463       29    141.7      143    141    142    142        0  142   97.01   93.04
MT1_15_5_16S.2.fq.gz        FASTQ   DNA     17,325  2,474,605       29    142.8      143    143    143    143        0  143   97.02    92.9
MT1_15_WC_16S.1.fq.gz       FASTQ   DNA         92     13,056      139    141.9      143    141    142    143        0  142   96.99   92.98
MT1_15_WC_16S.2.fq.gz       FASTQ   DNA         92     13,129      141    142.7      143    143    143    143        0  143   96.53   91.92
MT1_16_1_16S.1.fq.gz        FASTQ   DNA     13,716  1,945,320      139    141.8      143    141    142    143        0  142   97.26   93.35
MT1_16_1_16S.2.fq.gz        FASTQ   DNA     13,716  1,958,332      139    142.8      143    143    143    143        0  143   97.06   92.92
MT1_16_2_16S.1.fq.gz        FASTQ   DNA     18,021  2,559,185      138      142      143    141    142    143        0  142    97.5   93.76
MT1_16_2_16S.2.fq.gz        FASTQ   DNA     18,021  2,571,038      139    142.7      143    142    143    143        0  143   97.11   93.03
MT1_16_3_16S.1.fq.gz        FASTQ   DNA     18,211  2,586,069      139      142      143    141    142    143        0  142   97.15   93.17
MT1_16_3_16S.2.fq.gz        FASTQ   DNA     18,211  2,600,440      140    142.8      143    143    143    143        0  143    96.6   92.13
MT1_16_4_16S.1.fq.gz        FASTQ   DNA     28,813  4,088,499      138    141.9      143    141    142    143        0  142   96.97   92.81
MT1_16_4_16S.2.fq.gz        FASTQ   DNA     28,813  4,111,501      139    142.7      143    142    143    143        0  143   96.33   91.54
MT1_16_5_16S.1.fq.gz        FASTQ   DNA     22,840  3,239,988      139    141.9      143    141    142    142        0  142    97.1   93.11
MT1_16_5_16S.2.fq.gz        FASTQ   DNA     22,840  3,261,089      139    142.8      143    143    143    143        0  143   96.47   91.85
MT1_16_WC_16S.1.fq.gz       FASTQ   DNA        131     18,534       71    141.5      143    141    143    143        0  143   96.02   91.34
MT1_16_WC_16S.2.fq.gz       FASTQ   DNA        131     18,626       71    142.2      143    143    143    143        0  143      76    64.5
MT1_17_1_16S.1.fq.gz        FASTQ   DNA     36,161  5,129,388      139    141.8      143    141    142    143        0  142   96.73   92.53
MT1_17_1_16S.2.fq.gz        FASTQ   DNA     36,161  5,163,845      138    142.8      143    143    143    143        0  143   96.77   92.46
MT1_17_2_16S.1.fq.gz        FASTQ   DNA     28,008  3,972,939      139    141.9      143    141    142    143        0  142   96.42   92.12
MT1_17_2_16S.2.fq.gz        FASTQ   DNA     28,008  4,000,422      139    142.8      143    143    143    143        0  143   96.56   92.22
MT1_17_3_16S.1.fq.gz        FASTQ   DNA     25,302  3,581,521      139    141.6      143    141    142    142        0  142   96.68   92.49
MT1_17_3_16S.2.fq.gz        FASTQ   DNA     25,302  3,612,449      139    142.8      143    143    143    143        0  143   96.69   92.38
MT1_17_4_16S.1.fq.gz        FASTQ   DNA     34,028  4,810,254      138    141.4      143    140    141    142        0  141   96.65   92.44
MT1_17_4_16S.2.fq.gz        FASTQ   DNA     34,028  4,859,146      139    142.8      143    143    143    143        0  143    96.5   91.98
MT1_17_5_16S.1.fq.gz        FASTQ   DNA     10,392  1,475,256      139      142      143    141    142    143        0  142   96.43    92.1
MT1_17_5_16S.2.fq.gz        FASTQ   DNA     10,392  1,483,523      139    142.8      143    143    143    143        0  143   96.63   92.22
MT1_17_WC_16S.1.fq.gz       FASTQ   DNA         62      8,660       59    139.7      143    141    142    143        0  142   97.39   93.23
MT1_17_WC_16S.2.fq.gz       FASTQ   DNA         62      8,709       59    140.5      143    143    143    143        0  143   97.28   93.57
MT1_18_1_16S.1.fq.gz        FASTQ   DNA      9,815  1,394,712      139    142.1      143    142    142    143        0  142   96.53   92.33
MT1_18_1_16S.2.fq.gz        FASTQ   DNA      9,815  1,401,347      139    142.8      143    143    143    143        0  143   96.31   91.69
MT1_18_2_16S.1.fq.gz        FASTQ   DNA      3,912    554,890      139    141.8      143    141    142    143        0  142   96.16   91.71
MT1_18_2_16S.2.fq.gz        FASTQ   DNA      3,912    558,554      140    142.8      143    143    143    143        0  143   96.57   92.06
MT1_18_3_16S.1.fq.gz        FASTQ   DNA      8,051  1,140,968      139    141.7      143    141    142    142        0  142   96.31   92.01
MT1_18_3_16S.2.fq.gz        FASTQ   DNA      8,051  1,150,022      139    142.8      143    143    143    143        0  143   96.23   91.49
MT1_18_4_16S.1.fq.gz        FASTQ   DNA     13,441  1,908,446      139      142      143    141    142    143        0  142   96.68   92.55
MT1_18_4_16S.2.fq.gz        FASTQ   DNA     13,441  1,917,457      139    142.7      143    142    143    143        0  143   66.31   52.15
MT1_18_5_16S.1.fq.gz        FASTQ   DNA      9,289  1,317,573      139    141.8      143    141    142    143        0  142   96.77   92.55
MT1_18_5_16S.2.fq.gz        FASTQ   DNA      9,289  1,325,220      139    142.7      143    142    143    143        0  143   96.71   92.41
MT1_18_WC_16S.1.fq.gz       FASTQ   DNA         64      9,042      100    141.3      143    141    143    143        0  143   95.96   91.16
MT1_18_WC_16S.2.fq.gz       FASTQ   DNA         64      9,085      100      142      143    143    143    143        0  143    94.9   89.79
MT1_19_1_16S.1.fq.gz        FASTQ   DNA      8,379  1,189,339      139    141.9      143    142    142    142        0  142   97.02   93.18
MT1_19_1_16S.2.fq.gz        FASTQ   DNA      8,379  1,196,844      139    142.8      143    143    143    143        0  143   96.44   91.72
MT1_19_2_16S.1.fq.gz        FASTQ   DNA     15,377  2,184,026      139      142      143    142    142    142        0  142   96.83   92.82
MT1_19_2_16S.2.fq.gz        FASTQ   DNA     15,377  2,197,679      139    142.9      143    143    143    143        0  143   96.39   91.84
MT1_19_3_16S.1.fq.gz        FASTQ   DNA     21,076  2,991,885      115      142      143    142    142    142        0  142   96.89   92.82
MT1_19_3_16S.2.fq.gz        FASTQ   DNA     21,076  3,011,215      115    142.9      143    143    143    143        0  143    96.1   91.53
MT1_19_4_16S.1.fq.gz        FASTQ   DNA     22,695  3,224,635      139    142.1      143    142    142    142        0  142   96.89   92.82
MT1_19_4_16S.2.fq.gz        FASTQ   DNA     22,695  3,241,068      138    142.8      143    143    143    143        0  143   96.19   91.51
MT1_19_5_16S.1.fq.gz        FASTQ   DNA      5,857    831,824      139      142      143    142    142    142        0  142   96.66   92.34
MT1_19_5_16S.2.fq.gz        FASTQ   DNA      5,857    836,755      139    142.9      143    143    143    143        0  143   96.37   91.74
MT1_19_WC_16S.1.fq.gz       FASTQ   DNA        126     17,879      139    141.9      143    141    142    143        0  142   97.23    93.3
MT1_19_WC_16S.2.fq.gz       FASTQ   DNA        126     17,977      139    142.7      143    142    143    143        0  143   97.19   93.28
MT1_1_WC_16S.1.fq.gz        FASTQ   DNA         63      8,809       53    139.8      143    142    143    143        0  143   95.19   90.41
MT1_1_WC_16S.2.fq.gz        FASTQ   DNA         63      8,837       53    140.3      143    142    143    143        0  143   94.39   88.93
MT1_20_1_16S.1.fq.gz        FASTQ   DNA     26,858  3,817,467       89    142.1      143    142    142    143        0  142   97.07   92.97
MT1_20_1_16S.2.fq.gz        FASTQ   DNA     26,858  3,834,025       89    142.8      143    143    143    143        0  143   96.19   91.51
MT1_20_2_16S.1.fq.gz        FASTQ   DNA     27,655  3,934,722      139    142.3      143    142    142    143        0  142   96.96   92.84
MT1_20_2_16S.2.fq.gz        FASTQ   DNA     27,655  3,942,823      139    142.6      143    142    143    143        0  143   66.15   51.88
MT1_20_3_16S.1.fq.gz        FASTQ   DNA     21,287  3,027,158      139    142.2      143    142    142    143        0  142   96.83   92.62
MT1_20_3_16S.2.fq.gz        FASTQ   DNA     21,287  3,034,769      140    142.6      143    142    143    143        0  143   96.49      92
MT1_20_4_16S.1.fq.gz        FASTQ   DNA     27,225  3,871,449       55    142.2      143    142    142    143        0  142   96.93   92.77
MT1_20_4_16S.2.fq.gz        FASTQ   DNA     27,225  3,882,236       55    142.6      143    142    143    143        0  143   96.34   91.76
MT1_20_5_16S.1.fq.gz        FASTQ   DNA     24,234  3,441,850      139      142      143    142    142    142        0  142   97.11   93.09
MT1_20_5_16S.2.fq.gz        FASTQ   DNA     24,234  3,456,602      138    142.6      143    142    143    143        0  143   96.61   92.23
MT1_20_WC_16S.1.fq.gz       FASTQ   DNA         43      6,111      140    142.1      143    141    143    143        0  143   96.11   92.19
MT1_20_WC_16S.2.fq.gz       FASTQ   DNA         43      6,135      140    142.7      143    143    143    143        0  143   95.55    91.2
MT1_21_1_16S.1.fq.gz        FASTQ   DNA     14,447  2,054,174      139    142.2      143    142    142    143        0  142   97.11   93.09
MT1_21_1_16S.2.fq.gz        FASTQ   DNA     14,447  2,058,501      140    142.5      143    142    142    143        0  142   96.82   92.47
MT1_2_1_16S.1.fq.gz         FASTQ   DNA     23,058  3,272,758      139    141.9      143    142    142    143        0  142   96.85   92.74
MT1_2_1_16S.2.fq.gz         FASTQ   DNA     23,058  3,288,728      139    142.6      143    142    143    143        0  143   96.41   91.91
MT1_21_2_16S.1.fq.gz        FASTQ   DNA     18,757  2,667,980      139    142.2      143    142    142    143        0  142   96.98   92.94
MT1_21_2_16S.2.fq.gz        FASTQ   DNA     18,757  2,674,959      138    142.6      143    142    143    143        0  143   96.29   91.59
MT1_21_3_16S.1.fq.gz        FASTQ   DNA      7,564  1,074,272      139      142      143    141    142    143        0  142   96.75   92.57
MT1_21_3_16S.2.fq.gz        FASTQ   DNA      7,564  1,077,814      138    142.5      143    142    143    143        0  143   96.32   91.73
MT1_21_4_16S.1.fq.gz        FASTQ   DNA     17,374  2,469,112      139    142.1      143    142    142    143        0  142   96.84   92.71
MT1_21_4_16S.2.fq.gz        FASTQ   DNA     17,374  2,476,051      139    142.5      143    142    143    143        0  143   96.49   91.92
MT1_21_5_16S.1.fq.gz        FASTQ   DNA     16,844  2,386,088      139    141.7      143    141    142    142        0  142   96.91   92.75
MT1_21_5_16S.2.fq.gz        FASTQ   DNA     16,844  2,403,607      138    142.7      143    142    143    143        0  143   66.45   52.31
MT1_21_WC_16S.1.fq.gz       FASTQ   DNA     24,172  3,432,000      140      142      143    142    142    142        0  142   97.12   92.95
MT1_21_WC_16S.2.fq.gz       FASTQ   DNA     24,172  3,455,594      139      143      143    143    143    143        0  143   96.46   91.62
MT1_22_1_16S.1.fq.gz        FASTQ   DNA      9,072  1,284,617      115    141.6      143    141    142    142        0  142   97.06   93.06
MT1_22_1_16S.2.fq.gz        FASTQ   DNA      9,072  1,293,137      115    142.5      143    142    143    143        0  143   96.69   92.43
MT1_2_2_16S.1.fq.gz         FASTQ   DNA     29,757  4,230,481      139    142.2      143    142    142    143        0  142    96.8    92.6
MT1_2_2_16S.2.fq.gz         FASTQ   DNA     29,757  4,243,701      138    142.6      143    142    143    143        0  143   96.34   91.77
MT1_22_2_16S.1.fq.gz        FASTQ   DNA     11,311  1,602,579      139    141.7      143    141    142    143        0  142    97.2   93.37
MT1_22_2_16S.2.fq.gz        FASTQ   DNA     11,311  1,612,422      139    142.6      143    142    143    143        0  143   96.57   92.18
MT1_22_3_16S.1.fq.gz        FASTQ   DNA     20,293  2,879,879      139    141.9      143    142    142    142        0  142   96.99   92.99
MT1_22_3_16S.2.fq.gz        FASTQ   DNA     20,293  2,894,477      139    142.6      143    142    143    143        0  143   96.77   92.55
MT1_22_4_16S.1.fq.gz        FASTQ   DNA     15,448  2,195,029       67    142.1      143    142    142    143        0  142   97.32   93.46
MT1_22_4_16S.2.fq.gz        FASTQ   DNA     15,448  2,203,267       67    142.6      143    142    143    143        0  143   96.98   92.82
MT1_22_5_16S.1.fq.gz        FASTQ   DNA     11,047  1,567,198      139    141.9      143    141    142    142        0  142   97.45   93.67
MT1_22_5_16S.2.fq.gz        FASTQ   DNA     11,047  1,574,437      140    142.5      143    142    143    143        0  143   96.76   92.42
MT1_22_WC_16S.1.fq.gz       FASTQ   DNA     11,883  1,680,526      140    141.4      143    141    141    142        0  141   96.24   91.71
MT1_22_WC_16S.2.fq.gz       FASTQ   DNA     11,883  1,699,226      139      143      143    143    143    143        0  143   98.11   94.98
MT1_23_1_16S.1.fq.gz        FASTQ   DNA      6,122    870,287      139    142.2      143    142    142    143        0  142   97.19   93.07
MT1_23_1_16S.2.fq.gz        FASTQ   DNA      6,122    873,970      141    142.8      143    143    143    143        0  143    96.5   91.89
MT1_2_3_16S.1.fq.gz         FASTQ   DNA     24,255  3,443,094      139      142      143    142    142    143        0  142    96.8   92.61
MT1_2_3_16S.2.fq.gz         FASTQ   DNA     24,255  3,460,683      138    142.7      143    142    143    143        0  143   96.18    91.5
MT1_23_2_16S.1.fq.gz        FASTQ   DNA     16,087  2,282,475      139    141.9      143    142    142    143        0  142   97.25   93.29
MT1_23_2_16S.2.fq.gz        FASTQ   DNA     16,087  2,295,918      139    142.7      143    142    143    143        0  143    96.6   92.07
MT1_23_3_16S.1.fq.gz        FASTQ   DNA     13,592  1,931,649      125    142.1      143    142    142    143        0  142    97.2   93.24
MT1_23_3_16S.2.fq.gz        FASTQ   DNA     13,592  1,936,489      125    142.5      143    142    143    143        0  143   66.63   52.38
MT1_23_4_16S.1.fq.gz        FASTQ   DNA     15,325  2,175,850       76      142      143    141    142    143        0  142      97   92.85
MT1_23_4_16S.2.fq.gz        FASTQ   DNA     15,325  2,186,184       76    142.7      143    142    143    143        0  143   96.77   92.36
MT1_23_5_16S.1.fq.gz        FASTQ   DNA     18,763  2,668,614       82    142.2      143    142    142    143        0  142   97.19   93.19
MT1_23_5_16S.2.fq.gz        FASTQ   DNA     18,763  2,675,910       82    142.6      143    142    143    143        0  143   96.62   92.05
MT1_23_WC_16S.1.fq.gz       FASTQ   DNA         48      6,815      140      142      143    141    142    143        0  142   97.71    94.6
MT1_23_WC_16S.2.fq.gz       FASTQ   DNA         48      6,838      141    142.5      143    142    143    143        0  143   97.08   93.42
MT1_24_1_16S.1.fq.gz        FASTQ   DNA     25,041  3,557,522      139    142.1      143    142    142    143        0  142   97.26   93.38
MT1_24_1_16S.2.fq.gz        FASTQ   DNA     25,041  3,572,399      139    142.7      143    142    143    143        0  143   96.93   92.69
MT1_2_4_16S.1.fq.gz         FASTQ   DNA     22,120  3,141,417      139      142      143    142    142    143        0  142   96.73   92.61
MT1_2_4_16S.2.fq.gz         FASTQ   DNA     22,120  3,157,075      139    142.7      143    142    143    143        0  143   96.62   92.23
MT1_24_2_16S.1.fq.gz        FASTQ   DNA     22,507  3,195,270      139      142      143    142    142    143        0  142   97.12   93.09
MT1_24_2_16S.2.fq.gz        FASTQ   DNA     22,507  3,207,984      139    142.5      143    142    143    143        0  143   96.91   92.72
MT1_24_3_16S.1.fq.gz        FASTQ   DNA     16,159  2,298,876      139    142.3      143    142    142    143        0  142   97.12   93.14
MT1_24_3_16S.2.fq.gz        FASTQ   DNA     16,159  2,305,400      139    142.7      143    142    143    143        0  143   96.56   92.07
MT1_24_4_16S.1.fq.gz        FASTQ   DNA      5,676    806,913      139    142.2      143    142    142    143        0  142   96.77   92.71
MT1_24_4_16S.2.fq.gz        FASTQ   DNA      5,676    809,546      139    142.6      143    142    143    143        0  143   96.47   91.97
MT1_24_5_16S.1.fq.gz        FASTQ   DNA     24,542  3,474,683      136    141.6      143    141    142    142        0  142   97.06   93.07
MT1_24_5_16S.2.fq.gz        FASTQ   DNA     24,542  3,500,531      139    142.6      143    142    143    143        0  143   96.58   92.18
MT1_24_WC_16S.1.fq.gz       FASTQ   DNA         66      9,369      140      142      143    141    142    143        0  142   95.87   91.43
MT1_24_WC_16S.2.fq.gz       FASTQ   DNA         66      9,407      140    142.5      143    142    143    143        0  143   78.92   68.82
MT1_2_5_16S.1.fq.gz         FASTQ   DNA     18,667  2,652,276      139    142.1      143    142    142    143        0  142   96.75   92.56
MT1_2_5_16S.2.fq.gz         FASTQ   DNA     18,667  2,663,524      138    142.7      143    142    143    143        0  143   96.47   91.98
MT1_2_WC_16S.1.fq.gz        FASTQ   DNA         50      7,110      140    142.2      143    141    143    143        0  143   97.26   93.23
MT1_2_WC_16S.2.fq.gz        FASTQ   DNA         50      7,134      141    142.7      143    142    143    143        0  143   97.04   92.23
MT1_3_1_16S.1.fq.gz         FASTQ   DNA     24,431  3,470,195      138      142      143    142    142    143        0  142   96.88   92.78
MT1_3_1_16S.2.fq.gz         FASTQ   DNA     24,431  3,483,393      138    142.6      143    142    143    143        0  143   96.68   92.36
MT1_3_2_16S.1.fq.gz         FASTQ   DNA     23,897  3,392,073      138    141.9      143    141    142    143        0  142   96.77    92.7
MT1_3_2_16S.2.fq.gz         FASTQ   DNA     23,897  3,406,257      138    142.5      143    142    143    143        0  143   96.67   92.36
MT1_3_3_16S.1.fq.gz         FASTQ   DNA     28,232  4,012,244      139    142.1      143    142    142    143        0  142   96.76   92.61
MT1_3_3_16S.2.fq.gz         FASTQ   DNA     28,232  4,024,154      139    142.5      143    142    143    143        0  143   96.68   92.36
MT1_3_4_16S.1.fq.gz         FASTQ   DNA     25,782  3,665,513      138    142.2      143    142    142    143        0  142   96.94   92.95
MT1_3_4_16S.2.fq.gz         FASTQ   DNA     25,782  3,675,905      139    142.6      143    142    143    143        0  143    96.6   92.09
MT1_3_5_16S.1.fq.gz         FASTQ   DNA     29,558  4,201,352      139    142.1      143    142    142    143        0  142   96.93   92.97
MT1_3_5_16S.2.fq.gz         FASTQ   DNA     29,558  4,215,305      138    142.6      143    142    143    143        0  143   96.63   92.09
MT1_3_WC_16S.1.fq.gz        FASTQ   DNA        133     18,924      140    142.3      143    141    143    143        0  143   96.56   92.43
MT1_3_WC_16S.2.fq.gz        FASTQ   DNA        133     18,956      141    142.5      143    142    143    143        0  143   95.58   91.17
MT1_4_1_16S.1.fq.gz         FASTQ   DNA     27,696  3,928,387      139    141.8      143    141    142    142        0  142   97.07   93.09
MT1_4_1_16S.2.fq.gz         FASTQ   DNA     27,696  3,951,770      139    142.7      143    142    143    143        0  143   96.63    92.2
MT1_4_2_16S.1.fq.gz         FASTQ   DNA     36,732  5,209,725      139    141.8      143    141    142    142        0  142   96.94   92.89
MT1_4_2_16S.2.fq.gz         FASTQ   DNA     36,732  5,241,313      139    142.7      143    142    143    143        0  143   96.88   92.61
MT1_4_3_16S.1.fq.gz         FASTQ   DNA     20,474  2,903,953      139    141.8      143    141    142    142        0  142   96.75   92.63
MT1_4_3_16S.2.fq.gz         FASTQ   DNA     20,474  2,921,123      140    142.7      143    142    143    143        0  143   96.86   92.57
MT1_4_4_16S.1.fq.gz         FASTQ   DNA     24,684  3,497,731      139    141.7      143    141    142    142        0  142   96.84   92.74
MT1_4_4_16S.2.fq.gz         FASTQ   DNA     24,684  3,521,253      140    142.7      143    142    143    143        0  143   96.85   92.56
MT1_4_5_16S.1.fq.gz         FASTQ   DNA     24,737  3,511,362      139    141.9      143    141    142    143        0  142   96.75   92.65
MT1_4_5_16S.2.fq.gz         FASTQ   DNA     24,737  3,528,379      139    142.6      143    142    143    143        0  143   97.05   92.93
MT1_4_WC_16S.1.fq.gz        FASTQ   DNA         43      6,111      140    142.1      143    141    142    143        0  142   96.63   92.65
MT1_4_WC_16S.2.fq.gz        FASTQ   DNA         43      6,140      142    142.8      143    143    143    143        0  143   95.55   90.41
MT1_5_1_16S.1.fq.gz         FASTQ   DNA     18,917  2,687,669      139    142.1      143    141    143    143        0  143   96.82   92.75
MT1_5_1_16S.2.fq.gz         FASTQ   DNA     18,917  2,701,006      139    142.8      143    143    143    143        0  143   96.68   92.38
MT1_5_2_16S.1.fq.gz         FASTQ   DNA     16,586  2,358,513      138    142.2      143    142    143    143        0  143   96.67   92.57
MT1_5_2_16S.2.fq.gz         FASTQ   DNA     16,586  2,368,658      139    142.8      143    143    143    143        0  143   96.16   91.47
MT1_5_3_16S.1.fq.gz         FASTQ   DNA     19,355  2,754,513      139    142.3      143    142    143    143        0  143    96.7   92.58
MT1_5_3_16S.2.fq.gz         FASTQ   DNA     19,355  2,765,144      139    142.9      143    143    143    143        0  143    96.1   91.39
MT1_5_4_16S.1.fq.gz         FASTQ   DNA     21,243  3,024,177      139    142.4      143    142    143    143        0  143   96.84   92.79
MT1_5_4_16S.2.fq.gz         FASTQ   DNA     21,243  3,032,809      139    142.8      143    143    143    143        0  143    96.1   91.34
MT1_5_5_16S.1.fq.gz         FASTQ   DNA     19,488  2,774,883      138    142.4      143    142    143    143        0  143   96.65   92.46
MT1_5_5_16S.2.fq.gz         FASTQ   DNA     19,488  2,783,871      139    142.9      143    143    143    143        0  143   96.28   91.69
MT1_5_WC_16S.1.fq.gz        FASTQ   DNA         56      7,957      139    142.1      143  141.5    142    143        0  142   97.07   93.18
MT1_5_WC_16S.2.fq.gz        FASTQ   DNA         56      7,998      142    142.8      143    143    143    143        0  143   96.41   92.25
MT1_6_1_16S.1.fq.gz         FASTQ   DNA     23,051  3,277,751       92    142.2      143    142    142    143        0  142   96.85   92.82
MT1_6_1_16S.2.fq.gz         FASTQ   DNA     23,051  3,287,850       92    142.6      143    142    143    143        0  143   96.57   92.17
MT1_6_2_16S.1.fq.gz         FASTQ   DNA     12,224  1,732,323      139    141.7      143    141    142    142        0  142   96.97   93.01
MT1_6_2_16S.2.fq.gz         FASTQ   DNA     12,224  1,744,791      139    142.7      143    142    143    143        0  143   96.73   92.49
MT1_6_3_16S.1.fq.gz         FASTQ   DNA     24,553  3,490,288       33    142.2      143    142    142    143        0  142   96.91   92.83
MT1_6_3_16S.2.fq.gz         FASTQ   DNA     24,553  3,503,343       33    142.7      143    142    143    143        0  143   96.83   92.58
MT1_6_4_16S.1.fq.gz         FASTQ   DNA     26,778  3,809,875      139    142.3      143    142    142    143        0  142   96.87   92.79
MT1_6_4_16S.2.fq.gz         FASTQ   DNA     26,778  3,822,738      139    142.8      143    143    143    143        0  143   96.54   92.08
MT1_6_5_16S.1.fq.gz         FASTQ   DNA     35,335  5,019,950      139    142.1      143    142    142    143        0  142   97.19   93.36
MT1_6_5_16S.2.fq.gz         FASTQ   DNA     35,335  5,041,329      139    142.7      143    142    143    143        0  143    96.7    92.4
MT1_6_WC_16S.1.fq.gz        FASTQ   DNA          7        994      141      142      143    141    142    143        0  142   98.49   95.67
MT1_6_WC_16S.2.fq.gz        FASTQ   DNA          7        999      142    142.7      143  142.5    143    143        0  143    97.9    95.3
MT1_7_1_16S.1.fq.gz         FASTQ   DNA     38,638  5,483,619      139    141.9      143    141    142    143        0  142    96.9   92.87
MT1_7_1_16S.2.fq.gz         FASTQ   DNA     38,638  5,507,842      139    142.5      143    142    143    143        0  143   96.76   92.39
MT1_7_2_16S.1.fq.gz         FASTQ   DNA     36,567  5,199,652      138    142.2      143    142    143    143        0  143   97.24   93.37
MT1_7_2_16S.2.fq.gz         FASTQ   DNA     36,567  5,225,560      139    142.9      143    143    143    143        0  143   96.54   92.05
MT1_7_3_16S.1.fq.gz         FASTQ   DNA     36,255  5,139,859      139    141.8      143    141    142    143        0  142    97.3   93.49
MT1_7_3_16S.2.fq.gz         FASTQ   DNA     36,255  5,175,361      139    142.7      143    143    143    143        0  143    96.8    92.4
MT1_7_4_16S.1.fq.gz         FASTQ   DNA     29,370  4,173,307      139    142.1      143    141    142    143        0  142   97.46   93.76
MT1_7_4_16S.2.fq.gz         FASTQ   DNA     29,370  4,194,077      139    142.8      143    143    143    143        0  143   96.96   92.72
MT1_7_5_16S.1.fq.gz         FASTQ   DNA     31,719  4,509,975      138    142.2      143    142    142    143        0  142   97.29   93.55
MT1_7_5_16S.2.fq.gz         FASTQ   DNA     31,719  4,528,247      139    142.8      143    143    143    143        0  143   96.77   92.46
MT1_7_WC_16S.1.fq.gz        FASTQ   DNA         55      7,799      140    141.8      143    141    142  142.5        0  142   96.88   92.46
MT1_7_WC_16S.2.fq.gz        FASTQ   DNA         55      7,849      142    142.7      143    142    143    143        0  143    94.6   89.29
MT1_8_1_16S.1.fq.gz         FASTQ   DNA     29,736  4,226,858      138    142.1      143    142    142    143        0  142   97.25   93.47
MT1_8_1_16S.2.fq.gz         FASTQ   DNA     29,736  4,244,404      139    142.7      143    142    143    143        0  143   96.98   92.74
MT1_8_2_16S.1.fq.gz         FASTQ   DNA     34,526  4,904,167      139      142      143    141    142    143        0  142   97.41   93.66
MT1_8_2_16S.2.fq.gz         FASTQ   DNA     34,526  4,927,944      139    142.7      143    142    143    143        0  143   96.81   92.49
MT1_8_3_16S.1.fq.gz         FASTQ   DNA     15,075  2,142,018      139    142.1      143    142    142    143        0  142   97.18   93.32
MT1_8_3_16S.2.fq.gz         FASTQ   DNA     15,075  2,150,055      139    142.6      143    142    143    143        0  143   96.85   92.61
MT1_8_4_16S.1.fq.gz         FASTQ   DNA     21,487  3,050,260      139      142      143    142    142    143        0  142   97.07   93.15
MT1_8_4_16S.2.fq.gz         FASTQ   DNA     21,487  3,065,822      139    142.7      143    142    143    143        0  143   96.63   92.18
MT1_8_5_16S.1.fq.gz         FASTQ   DNA     16,818  2,391,498      139    142.2      143    142    142    143        0  142   97.09   93.05
MT1_8_5_16S.2.fq.gz         FASTQ   DNA     16,818  2,398,215      139    142.6      143    142    143    143        0  143   96.68   92.29
MT1_8_WC_16S.1.fq.gz        FASTQ   DNA         60      8,529      140    142.2      143  141.5    142    143        0  142   97.34   93.73
MT1_8_WC_16S.2.fq.gz        FASTQ   DNA         60      8,558      142    142.6      143    142    143    143        0  143   75.72    63.8
MT1_9_1_16S.1.fq.gz         FASTQ   DNA     22,595  3,213,306       61    142.2      143    142    142    143        0  142   97.25   93.57
MT1_9_1_16S.2.fq.gz         FASTQ   DNA     22,595  3,215,875       61    142.3      143    142    143    143        0  143   96.72   92.35
MT1_9_2_16S.1.fq.gz         FASTQ   DNA     16,593  2,355,871      139      142      143    141    142    143        0  142   97.12   93.26
MT1_9_2_16S.2.fq.gz         FASTQ   DNA     16,593  2,366,937      139    142.6      143    142    143    143        0  143   96.92   92.59
MT1_9_3_16S.1.fq.gz         FASTQ   DNA     21,045  2,989,014      139      142      143    142    142    143        0  142   96.78   92.81
MT1_9_3_16S.2.fq.gz         FASTQ   DNA     21,045  3,007,389      139    142.9      143    143    143    143        0  143   97.05   92.99
MT1_9_4_16S.1.fq.gz         FASTQ   DNA     17,677  2,514,913      139    142.3      143    142    142    143        0  142   97.08    93.1
MT1_9_4_16S.2.fq.gz         FASTQ   DNA     17,677  2,520,395      138    142.6      143    142    143    143        0  143    97.1   93.02
MT1_9_5_16S.1.fq.gz         FASTQ   DNA     22,242  3,158,584      139      142      143    141    142    143        0  142   96.93   92.95
MT1_9_5_16S.2.fq.gz         FASTQ   DNA     22,242  3,176,025      139    142.8      143    143    143    143        0  143   96.69   92.34
MT1_9_WC_16S.1.fq.gz        FASTQ   DNA         35      4,904       77    140.1      143    141    142    143        0  142   96.08   91.11
MT1_9_WC_16S.2.fq.gz        FASTQ   DNA         35      4,927       77    140.8      143    142    143    143        0  143   95.58   89.47
MT1_BC_1_16S.1.fq.gz        FASTQ   DNA         25      3,564      141    142.6      143    142    143    143        0  143   95.99   91.78
MT1_BC_1_16S.2.fq.gz        FASTQ   DNA         25      3,565      141    142.6      143    142    143    143        0  143   95.01   89.73
MT1_BC_2_16S.1.fq.gz        FASTQ   DNA        143     20,340      139    142.2      143    142    143    143        0  143   97.86   93.92
MT1_BC_2_16S.2.fq.gz        FASTQ   DNA        143     20,410      141    142.7      143  142.5    143    143        0  143   74.04   62.77
MT1_BC_3_16S.1.fq.gz        FASTQ   DNA         91     12,920      107      142      143    142    143    143        0  143   97.12   93.04
MT1_BC_3_16S.2.fq.gz        FASTQ   DNA         91     12,954      107    142.4      143    142    143    143        0  143   97.07   92.62
MT1_BC_4_16S.1.fq.gz        FASTQ   DNA         37      5,261      140    142.2      143    141    143    143        0  143   95.06   90.38
MT1_BC_4_16S.2.fq.gz        FASTQ   DNA         37      5,274      141    142.5      143    142    143    143        0  143   94.31   90.06
MT1_EB_1_16S.1.fq.gz        FASTQ   DNA        122     17,345      138    142.2      143    142    142    143        0  142   97.76   94.13
MT1_EB_1_16S.2.fq.gz        FASTQ   DNA        122     17,412      139    142.7      143    143    143    143        0  143   97.09   92.83
MT1_EB_2_16S.1.fq.gz        FASTQ   DNA         68      9,587       44      141      143    142    143    143        0  143   95.96   91.23
MT1_EB_2_16S.2.fq.gz        FASTQ   DNA         68      9,608       44    141.3      143    142    143    143        0  143   95.64   90.79
MT1_EB_3_16S.1.fq.gz        FASTQ   DNA        115     16,354      140    142.2      143    142    142    143        0  142   97.96   94.53
MT1_EB_3_16S.2.fq.gz        FASTQ   DNA        115     16,411      142    142.7      143    142    143    143        0  143   97.41   93.74
MT1_EB_4_16S.1.fq.gz        FASTQ   DNA         30      4,265      140    142.2      143    141    143    143        0  143   95.94    92.1
MT1_EB_4_16S.2.fq.gz        FASTQ   DNA         30      4,284      141    142.8      143    143    143    143        0  143   95.61   91.43
NA_16S.1.fq.gz              FASTQ   DNA        488     69,347      139    142.1      143    142    142    143        0  142   96.94   92.82
NA_16S.2.fq.gz              FASTQ   DNA        488     69,605      140    142.6      143    142    143    143        0  143   96.87   92.65
NTC1_16S.1.fq.gz            FASTQ   DNA        184     26,175      140    142.3      143    141    143    143        0  143   95.96   92.05
NTC1_16S.2.fq.gz            FASTQ   DNA        184     26,191      141    142.3      143    141    143    143        0  143   96.05   91.34
NTC2_16S.1.fq.gz            FASTQ   DNA        512     72,685      139      142      143    141    142    143        0  142   96.73   92.31
NTC2_16S.2.fq.gz            FASTQ   DNA        512     73,077      141    142.7      143    142    143    143        0  143   96.53   91.86
NTC3_16S.1.fq.gz            FASTQ   DNA         67      9,507      140    141.9      143    141    142    143        0  142   97.04   93.58
NTC3_16S.2.fq.gz            FASTQ   DNA         67      9,561      141    142.7      143    143    143    143        0  143   96.59   92.22
RS1_CL_BC_16S.1.fq.gz       FASTQ   DNA        468     66,451      139      142      143    142    142    142        0  142   96.69   92.43
RS1_CL_BC_16S.2.fq.gz       FASTQ   DNA        468     66,718      140    142.6      143    142    143    143        0  143   69.54   56.43
RS1_CL_EB_16S.1.fq.gz       FASTQ   DNA     19,256  2,734,618      140      142      143    142    142    142        0  142   95.89   91.97
RS1_CL_EB_16S.2.fq.gz       FASTQ   DNA     19,256  2,752,740      138      143      143    143    143    143        0  143   96.52   91.73
RS1_CL_L1_1_16S.1.fq.gz     FASTQ   DNA      8,397  1,192,428      139      142      143    141    142    143        0  142   97.03      93
RS1_CL_L1_1_16S.2.fq.gz     FASTQ   DNA      8,397  1,198,753      139    142.8      143    143    143    143        0  143   96.74   92.44
RS1_CL_L1_2_16S.1.fq.gz     FASTQ   DNA     12,531  1,781,192      138    142.1      143    141    143    143        0  143   96.81   92.69
RS1_CL_L1_2_16S.2.fq.gz     FASTQ   DNA     12,531  1,786,467      136    142.6      143    142    143    143        0  143   96.48   92.03
RS1_CL_L1_3_16S.1.fq.gz     FASTQ   DNA      9,598  1,364,431      138    142.2      143    141    142    143        0  143   96.91   92.76
RS1_CL_L1_3_16S.2.fq.gz     FASTQ   DNA      9,598  1,369,969      140    142.7      143    142    143    143        0  143   96.35   91.76
RS1_CL_L1_4_16S.1.fq.gz     FASTQ   DNA      8,254  1,177,413      139    142.6      143    143    143    143        0  143   96.92   92.56
RS1_CL_L1_4_16S.2.fq.gz     FASTQ   DNA      8,254  1,174,730      141    142.3      143    142    142    143        0  142   96.54   92.23
RS1_CL_L1_5_16S.1.fq.gz     FASTQ   DNA     10,167  1,444,533      138    142.1      143    141    142    143        0  142   96.73   92.54
RS1_CL_L1_5_16S.2.fq.gz     FASTQ   DNA     10,167  1,450,957      138    142.7      143    142    143    143        0  143   96.46   91.97
RS1_CL_L1_WC_16S.1.fq.gz    FASTQ   DNA         90     12,695       38    141.1      143    141    143    143        0  143   95.02    90.3
RS1_CL_L1_WC_16S.2.fq.gz    FASTQ   DNA         90     12,736       38    141.5      143    142    143    143        0  143   94.19   89.23
RS1_CL_L2_1_16S.1.fq.gz     FASTQ   DNA     10,100  1,433,754      139      142      143    141    142    143        0  142   96.72   92.54
RS1_CL_L2_1_16S.2.fq.gz     FASTQ   DNA     10,100  1,441,293      138    142.7      143    142    143    143        0  143   97.01   92.94
RS1_CL_L2_2_16S.1.fq.gz     FASTQ   DNA     10,474  1,486,448      139    141.9      143    141    142    143        0  142   96.75   92.49
RS1_CL_L2_2_16S.2.fq.gz     FASTQ   DNA     10,474  1,495,820      141    142.8      143    143    143    143        0  143   97.03   92.95
RS1_CL_L2_3_16S.1.fq.gz     FASTQ   DNA     11,938  1,693,865      139    141.9      143    141    142    143        0  142   96.85    92.7
RS1_CL_L2_3_16S.2.fq.gz     FASTQ   DNA     11,938  1,704,460      139    142.8      143    143    143    143        0  143   96.75   92.43
RS1_CL_L2_4_16S.1.fq.gz     FASTQ   DNA     17,425  2,472,721      139    141.9      143    141    142    143        0  142   96.84   92.75
RS1_CL_L2_4_16S.2.fq.gz     FASTQ   DNA     17,425  2,487,088      138    142.7      143    142    143    143        0  143   96.41   91.88
RS1_CL_L2_5_16S.1.fq.gz     FASTQ   DNA     27,668  3,930,285       88    142.1      143    141    142    143        0  142   96.97   92.91
RS1_CL_L2_5_16S.2.fq.gz     FASTQ   DNA     27,668  3,951,997      138    142.8      143    143    143    143        0  143    96.9   92.76
RS1_CL_L2_WC_16S.1.fq.gz    FASTQ   DNA         86     12,151       97    141.3      143    141    142    143        0  142   96.92   93.48
RS1_CL_L2_WC_16S.2.fq.gz    FASTQ   DNA         86     12,225      113    142.2      143    142    143    143        0  143   93.23   88.63
RS1_CL_L3_1_16S.1.fq.gz     FASTQ   DNA     25,460  3,615,710      139      142      143    141    142    143        0  142    96.9    92.8
RS1_CL_L3_1_16S.2.fq.gz     FASTQ   DNA     25,460  3,634,762      140    142.8      143    143    143    143        0  143   96.42   91.82
RS1_CL_L3_2_16S.1.fq.gz     FASTQ   DNA     26,691  3,797,448      138    142.3      143    141    143    143        0  143   96.61   92.48
RS1_CL_L3_2_16S.2.fq.gz     FASTQ   DNA     26,691  3,810,567      138    142.8      143    143    143    143        0  143   96.66   92.28
RS1_CL_L3_3_16S.1.fq.gz     FASTQ   DNA     22,757  3,231,757      139      142      143    141    142    143        0  142   96.86   92.76
RS1_CL_L3_3_16S.2.fq.gz     FASTQ   DNA     22,757  3,250,405      139    142.8      143    143    143    143        0  143   96.57    92.1
RS1_CL_L3_4_16S.1.fq.gz     FASTQ   DNA     19,092  2,709,128      119    141.9      143    141    142    143        0  142   96.96   92.85
RS1_CL_L3_4_16S.2.fq.gz     FASTQ   DNA     19,092  2,725,685      119    142.8      143    143    143    143        0  143   96.68   92.31
RS1_CL_L3_5_16S.1.fq.gz     FASTQ   DNA     23,471  3,331,557       63    141.9      143    141    142    143        0  142   96.28   91.89
RS1_CL_L3_5_16S.2.fq.gz     FASTQ   DNA     23,471  3,352,589      139    142.8      143    143    143    143        0  143   96.81   92.54
RS1_CL_L3_WC_16S.1.fq.gz    FASTQ   DNA         36      5,127      141    142.4      143    142    143    143        0  143   97.31   93.31
RS1_CL_L3_WC_16S.2.fq.gz    FASTQ   DNA         36      5,137      141    142.7      143    142    143    143        0  143   95.72   90.54
RS1_CL_S1_1_16S.1.fq.gz     FASTQ   DNA     31,284  4,434,849      138    141.8      143    141    141    143        0  141   95.61   91.27
RS1_CL_S1_1_16S.2.fq.gz     FASTQ   DNA     31,284  4,465,629      138    142.7      143    143    143    143        0  143   96.48   91.91
RS1_CL_S1_2_16S.1.fq.gz     FASTQ   DNA     21,414  3,043,418      139    142.1      143    141    142    143        0  142   95.97   91.86
RS1_CL_S1_2_16S.2.fq.gz     FASTQ   DNA     21,414  3,050,387      141    142.4      143    142    143    143        0  143   96.35   91.65
RS1_CL_S1_3_16S.1.fq.gz     FASTQ   DNA     24,227  3,437,779      138    141.9      143    141    142    143        0  142   96.32   92.09
RS1_CL_S1_3_16S.2.fq.gz     FASTQ   DNA     24,227  3,453,144      139    142.5      143    142    143    143        0  143   96.15   91.36
RS1_CL_S1_4_16S.1.fq.gz     FASTQ   DNA     20,113  2,851,456      139    141.8      143    141    141    143        0  141   96.56   92.35
RS1_CL_S1_4_16S.2.fq.gz     FASTQ   DNA     20,113  2,865,814      139    142.5      143    142    143    143        0  143   96.21   91.43
RS1_CL_S1_5_16S.1.fq.gz     FASTQ   DNA     24,120  3,425,995      121      142      143    141    142    143        0  142   95.95    91.8
RS1_CL_S1_5_16S.2.fq.gz     FASTQ   DNA     24,120  3,437,931      121    142.5      143    142    143    143        0  143   96.63   92.13
RS1_CL_S1_WC_16S.1.fq.gz    FASTQ   DNA        150     21,270       67    141.8      143    141    143    143        0  143   96.85   92.67
RS1_CL_S1_WC_16S.2.fq.gz    FASTQ   DNA        150     21,330       67    142.2      143    143    143    143        0  143   95.68   90.38
RS1_CL_S2_1_16S.1.fq.gz     FASTQ   DNA     16,276  2,320,732      138    142.6      143    143    143    143        0  143   97.14   93.48
RS1_CL_S2_1_16S.2.fq.gz     FASTQ   DNA     16,276  2,308,422      140    141.8      143    141    141    143        0  141    96.8   92.44
RS1_CL_S2_2_16S.1.fq.gz     FASTQ   DNA     15,489  2,210,795      139    142.7      143    143    143    143        0  143   97.41   93.79
RS1_CL_S2_2_16S.2.fq.gz     FASTQ   DNA     15,489  2,192,686      140    141.6      143    141    141    143        0  141   96.75   92.33
RS1_CL_S2_3_16S.1.fq.gz     FASTQ   DNA     16,632  2,370,692       30    142.5      143    143    143    143        0  143   97.23   93.55
RS1_CL_S2_3_16S.2.fq.gz     FASTQ   DNA     16,632  2,357,940       30    141.8      143    141    141    143        0  141   96.89   92.62
RS1_CL_S2_4_16S.1.fq.gz     FASTQ   DNA     19,129  2,728,654      139    142.6      143    143    143    143        0  143   97.38   93.75
RS1_CL_S2_4_16S.2.fq.gz     FASTQ   DNA     19,129  2,712,398      139    141.8      143    141    141    143        0  141   96.72    92.3
RS1_CL_S2_5_16S.1.fq.gz     FASTQ   DNA     21,434  3,058,335      138    142.7      143    143    143    143        0  143   97.62    94.2
RS1_CL_S2_5_16S.2.fq.gz     FASTQ   DNA     21,434  3,036,265      139    141.7      143    141    141    143        0  141   96.72   92.28
RS1_CL_S2_WC_16S.1.fq.gz    FASTQ   DNA     60,110  8,592,590      140    142.9      143    143    143    143        0  143   97.01   92.79
RS1_CL_S2_WC_16S.2.fq.gz    FASTQ   DNA     60,110  8,538,114       27      142      143    142    142    142        0  142   66.61   52.42
RS1_CL_S3_1_16S.1.fq.gz     FASTQ   DNA     20,767  2,951,528      138    142.1      143    141    143    143        0  143    97.2   93.27
RS1_CL_S3_1_16S.2.fq.gz     FASTQ   DNA     20,767  2,963,643      139    142.7      143    143    143    143        0  143   96.72   92.39
RS1_CL_S3_2_16S.1.fq.gz     FASTQ   DNA     24,452  3,470,202      138    141.9      143    141    142    143        0  142   97.36   93.56
RS1_CL_S3_2_16S.2.fq.gz     FASTQ   DNA     24,452  3,491,676      139    142.8      143    143    143    143        0  143   96.82    92.5
RS1_CL_S3_3_16S.1.fq.gz     FASTQ   DNA     27,643  3,925,271      139      142      143    141    142    143        0  142   96.85   92.78
RS1_CL_S3_3_16S.2.fq.gz     FASTQ   DNA     27,643  3,949,236      139    142.9      143    143    143    143        0  143   97.01   92.84
RS1_CL_S3_4_16S.1.fq.gz     FASTQ   DNA     21,987  3,124,248      128    142.1      143    141    143    143        0  143   97.11   93.13
RS1_CL_S3_4_16S.2.fq.gz     FASTQ   DNA     21,987  3,139,382      128    142.8      143    143    143    143        0  143   96.96   92.76
RS1_CL_S3_5_16S.1.fq.gz     FASTQ   DNA     18,323  2,600,241      138    141.9      143    141    142    143        0  142   96.97   92.95
RS1_CL_S3_5_16S.2.fq.gz     FASTQ   DNA     18,323  2,617,126      139    142.8      143    143    143    143        0  143   96.86    92.6
RS1_CL_S3_WC_16S.1.fq.gz    FASTQ   DNA         58      8,158       57    140.7      143    142    143    143        0  143   96.51   92.69
RS1_CL_S3_WC_16S.2.fq.gz    FASTQ   DNA         58      8,182       57    141.1      143    143    143    143        0  143   94.84   90.09
RS1_CL_S4_1_16S.1.fq.gz     FASTQ   DNA     25,562  3,631,689       64    142.1      143    141    143    143        0  143   96.92   92.92
RS1_CL_S4_1_16S.2.fq.gz     FASTQ   DNA     25,562  3,649,975       64    142.8      143    143    143    143        0  143   97.01   92.88
RS1_CL_S4_2_16S.1.fq.gz     FASTQ   DNA     21,092  2,995,067      138      142      143    141    142    143        0  142   97.06   93.15
RS1_CL_S4_2_16S.2.fq.gz     FASTQ   DNA     21,092  3,011,042      139    142.8      143    143    143    143        0  143   96.85   92.52
RS1_CL_S4_3_16S.1.fq.gz     FASTQ   DNA     24,377  3,462,038      138      142      143    141    143    143        0  143    96.9   92.85
RS1_CL_S4_3_16S.2.fq.gz     FASTQ   DNA     24,377  3,481,836      139    142.8      143    143    143    143        0  143   96.58   92.12
RS1_CL_S4_4_16S.1.fq.gz     FASTQ   DNA     27,330  3,881,280      139      142      143    141    142    143        0  142      97   92.98
RS1_CL_S4_4_16S.2.fq.gz     FASTQ   DNA     27,330  3,900,785      139    142.7      143    143    143    143        0  143   96.56   92.15
RS1_CL_S4_5_16S.1.fq.gz     FASTQ   DNA     24,341  3,454,058      138    141.9      143    141    142    143        0  142   97.08   93.04
RS1_CL_S4_5_16S.2.fq.gz     FASTQ   DNA     24,341  3,476,143      139    142.8      143    143    143    143        0  143   96.44   91.92
RS1_CL_S4_WC_16S.1.fq.gz    FASTQ   DNA         69      9,774      101    141.7      143    142    143    143        0  143   95.37   90.58
RS1_CL_S4_WC_16S.2.fq.gz    FASTQ   DNA         69      9,801      101      142      143    143    143    143        0  143   94.37   88.53
RS1_IM_BC_16S.1.fq.gz       FASTQ   DNA        445     63,210      139      142      143    142    142    142        0  142    96.9   92.75
RS1_IM_BC_16S.2.fq.gz       FASTQ   DNA        445     63,461      141    142.6      143    142    143    143        0  143   96.24   91.56
RS1_IM_EB_16S.1.fq.gz       FASTQ   DNA        681     96,739      140    142.1      143    142    142    142        0  142    97.1    93.1
RS1_IM_EB_16S.2.fq.gz       FASTQ   DNA        681     97,164      141    142.7      143    142    143    143        0  143   96.78    92.5
RS1_IM_L1_1_16S.1.fq.gz     FASTQ   DNA     26,259  3,731,917      138    142.1      143    141    142    143        0  142   97.02      93
RS1_IM_L1_1_16S.2.fq.gz     FASTQ   DNA     26,259  3,748,367      138    142.7      143    142    143    143        0  143   96.77   92.45
RS1_IM_L1_2_16S.1.fq.gz     FASTQ   DNA     22,376  3,177,861      137      142      143    141    142    143        0  142   96.93   92.87
RS1_IM_L1_2_16S.2.fq.gz     FASTQ   DNA     22,376  3,194,380      139    142.8      143    143    143    143        0  143   96.76    92.5
RS1_IM_L1_3_16S.1.fq.gz     FASTQ   DNA     24,024  3,411,623      139      142      143    141    142    143        0  142   96.93   92.89
RS1_IM_L1_3_16S.2.fq.gz     FASTQ   DNA     24,024  3,429,915      139    142.8      143    143    143    143        0  143   96.63   92.26
RS1_IM_L1_4_16S.1.fq.gz     FASTQ   DNA     22,640  3,213,239      138    141.9      143    141    142    143        0  142   96.83   92.66
RS1_IM_L1_4_16S.2.fq.gz     FASTQ   DNA     22,640  3,232,525      139    142.8      143    143    143    143        0  143   96.68   92.32
RS1_IM_L1_5_16S.1.fq.gz     FASTQ   DNA     28,248  4,007,525      138    141.9      143    141    142    143        0  142   96.95   92.94
RS1_IM_L1_5_16S.2.fq.gz     FASTQ   DNA     28,248  4,033,947      139    142.8      143    143    143    143        0  143   96.64   92.28
RS1_IM_L1_WC_16S.1.fq.gz    FASTQ   DNA         99     14,075      140    142.2      143    141    143    143        0  143   97.36    93.4
RS1_IM_L1_WC_16S.2.fq.gz    FASTQ   DNA         99     14,126      141    142.7      143  142.5    143    143        0  143   96.51   91.82
RS1_IM_L2_1_16S.1.fq.gz     FASTQ   DNA     23,875  3,397,746      139    142.3      143    142    143    143        0  143   97.11   93.08
RS1_IM_L2_1_16S.2.fq.gz     FASTQ   DNA     23,875  3,410,997      139    142.9      143    143    143    143        0  143   96.59   92.19
RS1_IM_L2_2_16S.1.fq.gz     FASTQ   DNA     19,166  2,723,586      138    142.1      143    142    142    143        0  142   96.86   92.86
RS1_IM_L2_2_16S.2.fq.gz     FASTQ   DNA     19,166  2,739,291      139    142.9      143    143    143    143        0  143   96.21   91.52
RS1_IM_L2_3_16S.1.fq.gz     FASTQ   DNA     20,632  2,934,265      138    142.2      143    141    143    143        0  143   97.12   93.09
RS1_IM_L2_3_16S.2.fq.gz     FASTQ   DNA     20,632  2,947,212      139    142.8      143    143    143    143        0  143   96.52   92.05
RS1_IM_L2_4_16S.1.fq.gz     FASTQ   DNA     19,725  2,806,776      138    142.3      143    142    143    143        0  143   97.19   93.23
RS1_IM_L2_4_16S.2.fq.gz     FASTQ   DNA     19,725  2,817,330      139    142.8      143    143    143    143        0  143   96.88   92.63
RS1_IM_L2_5_16S.1.fq.gz     FASTQ   DNA     20,179  2,872,686      139    142.4      143    142    143    143        0  143   97.04   92.97
RS1_IM_L2_5_16S.2.fq.gz     FASTQ   DNA     20,179  2,881,253      139    142.8      143    143    143    143        0  143   96.65   92.25
RS1_IM_L2_WC_16S.1.fq.gz    FASTQ   DNA         52      7,385      140      142      143    141    142    143        0  142   96.78   92.54
RS1_IM_L2_WC_16S.2.fq.gz    FASTQ   DNA         52      7,420      141    142.7      143    142    143    143        0  143   97.26   92.78
RS1_IM_L3_1_16S.1.fq.gz     FASTQ   DNA     16,541  2,355,674      132    142.4      143    142    143    143        0  143   97.23   93.22
RS1_IM_L3_1_16S.2.fq.gz     FASTQ   DNA     16,541  2,363,129      132    142.9      143    143    143    143        0  143   96.96   92.79
RS1_IM_L3_2_16S.1.fq.gz     FASTQ   DNA     18,399  2,616,365      138    142.2      143    142    143    143        0  143   97.11   93.09
RS1_IM_L3_2_16S.2.fq.gz     FASTQ   DNA     18,399  2,627,450      139    142.8      143    143    143    143        0  143    96.9   92.65
RS1_IM_L3_3_16S.1.fq.gz     FASTQ   DNA     24,901  3,537,033      137      142      143    141    143    143        0  143    97.1   93.01
RS1_IM_L3_3_16S.2.fq.gz     FASTQ   DNA     24,901  3,554,993      138    142.8      143    143    143    143        0  143   96.81   92.52
RS1_IM_L3_4_16S.1.fq.gz     FASTQ   DNA     21,965  3,121,707      138    142.1      143    141    143    143        0  143   97.18   93.28
RS1_IM_L3_4_16S.2.fq.gz     FASTQ   DNA     21,965  3,135,845      139    142.8      143    143    143    143        0  143   96.72    92.4
RS1_IM_L3_5_16S.1.fq.gz     FASTQ   DNA     25,132  3,552,738       51    141.4      143    140    141    143        0  141   97.13   93.11
RS1_IM_L3_5_16S.2.fq.gz     FASTQ   DNA     25,132  3,588,290       51    142.8      143    143    143    143        0  143   96.62   92.24
RS1_IM_L3_WC_16S.1.fq.gz    FASTQ   DNA         63      8,949      140      142      143    141    142    143        0  142   95.87   91.53
RS1_IM_L3_WC_16S.2.fq.gz    FASTQ   DNA         63      8,986      140    142.6      143    142    143    143        0  143   95.85   91.13
RS1_IM_S1_1_16S.1.fq.gz     FASTQ   DNA     26,461  3,766,227      108    142.3      143    142    143    143        0  143   97.29   93.52
RS1_IM_S1_1_16S.2.fq.gz     FASTQ   DNA     26,461  3,763,692      138    142.2      143    141    143    143        0  143   96.52   92.03
RS1_IM_S1_2_16S.1.fq.gz     FASTQ   DNA     24,001  3,410,302      139    142.1      143    141    142    143        0  142   96.79   92.81
RS1_IM_S1_2_16S.2.fq.gz     FASTQ   DNA     24,001  3,422,794      138    142.6      143    142    143    143        0  143   96.66   92.26
RS1_IM_S1_3_16S.1.fq.gz     FASTQ   DNA     27,129  3,860,900      121    142.3      143    141    143    143        0  143   97.09   93.28
RS1_IM_S1_3_16S.2.fq.gz     FASTQ   DNA     27,129  3,862,488      121    142.4      143    142    143    143        0  143   96.75   92.38
RS1_IM_S1_4_16S.1.fq.gz     FASTQ   DNA     27,582  3,923,033      127    142.2      143    141    143    143        0  143   96.91   92.98
RS1_IM_S1_4_16S.2.fq.gz     FASTQ   DNA     27,582  3,928,084      127    142.4      143    142    143    143        0  143   96.66    92.3
RS1_IM_S1_5_16S.1.fq.gz     FASTQ   DNA     25,796  3,672,657      139    142.4      143    141    143    143        0  143   97.01   93.22
RS1_IM_S1_5_16S.2.fq.gz     FASTQ   DNA     25,796  3,681,164      140    142.7      143    143    143    143        0  143   96.62   92.21
RS1_IM_S1_WC_16S.1.fq.gz    FASTQ   DNA         18      2,553      140    141.8      143    141    142    143        0  142   97.61   94.24
RS1_IM_S1_WC_16S.2.fq.gz    FASTQ   DNA         18      2,572      142    142.9      143    143    143    143        0  143   97.82   94.25
RS1_IM_S2_1_16S.1.fq.gz     FASTQ   DNA     34,162  4,859,257      139    142.2      143    141    143    143        0  143   96.37   92.44
RS1_IM_S2_1_16S.2.fq.gz     FASTQ   DNA     34,162  4,863,769      137    142.4      143    141    143    143        0  143   96.46   91.88
RS1_IM_S2_2_16S.1.fq.gz     FASTQ   DNA     24,064  3,426,516      139    142.4      143    142    143    143        0  143   97.12   93.49
RS1_IM_S2_2_16S.2.fq.gz     FASTQ   DNA     24,064  3,424,868      139    142.3      143    141    143    143        0  143   96.81   92.42
RS1_IM_S2_3_16S.1.fq.gz     FASTQ   DNA     26,379  3,751,959       37    142.2      143    141    143    143        0  143   97.12   93.21
RS1_IM_S2_3_16S.2.fq.gz     FASTQ   DNA     26,379  3,753,494       37    142.3      143    141    143    143        0  143   96.81   92.42
RS1_IM_S2_4_16S.1.fq.gz     FASTQ   DNA     26,644  3,786,104      139    142.1      143    141    142    143        0  142   97.09   93.15
RS1_IM_S2_4_16S.2.fq.gz     FASTQ   DNA     26,644  3,793,582      140    142.4      143    141    143    143        0  143   96.65    92.1
RS1_IM_S2_5_16S.1.fq.gz     FASTQ   DNA     32,361  4,600,835      138    142.2      143    141    143    143        0  143    96.7   92.78
RS1_IM_S2_5_16S.2.fq.gz     FASTQ   DNA     32,361  4,616,577      140    142.7      143    143    143    143        0  143   96.94   92.63
RS1_IM_S2_WC_16S.1.fq.gz    FASTQ   DNA         66      9,378      140    142.1      143    141    142    143        0  142   98.08   94.83
RS1_IM_S2_WC_16S.2.fq.gz    FASTQ   DNA         66      9,413      141    142.6      143    142    143    143        0  143   98.01   94.72
RS1_IM_S3_1_16S.1.fq.gz     FASTQ   DNA     13,372  1,901,729      109    142.2      143    141    143    143        0  143   97.41   93.55
RS1_IM_S3_1_16S.2.fq.gz     FASTQ   DNA     13,372  1,909,380      109    142.8      143    143    143    143        0  143   97.27   93.34
RS1_IM_S3_2_16S.1.fq.gz     FASTQ   DNA     14,867  2,115,289      138    142.3      143    141    143    143        0  143   97.44    93.6
RS1_IM_S3_2_16S.2.fq.gz     FASTQ   DNA     14,867  2,122,856      138    142.8      143    143    143    143        0  143   97.16   93.15
RS1_IM_S3_3_16S.1.fq.gz     FASTQ   DNA     20,905  2,988,593       57      143      143    143    143    143        0  143   97.27   93.35
RS1_IM_S3_3_16S.2.fq.gz     FASTQ   DNA     20,905  2,969,718       57    142.1      143    142    142    142        0  142   96.47    91.9
RS1_IM_S3_4_16S.1.fq.gz     FASTQ   DNA     24,980  3,552,881      137    142.2      143    141    143    143        0  143   97.43   93.48
RS1_IM_S3_4_16S.2.fq.gz     FASTQ   DNA     24,980  3,568,166      138    142.8      143    143    143    143        0  143    97.2   93.23
RS1_IM_S3_5_16S.1.fq.gz     FASTQ   DNA     16,733  2,383,644      139    142.5      143    142    143    143        0  143   97.22   93.13
RS1_IM_S3_5_16S.2.fq.gz     FASTQ   DNA     16,733  2,390,296      139    142.8      143    143    143    143        0  143   96.91   92.74
RS1_IM_S3_WC_16S.1.fq.gz    FASTQ   DNA         82     11,658      140    142.2      143    141  142.5    143        0  143   96.44   92.99
RS1_IM_S3_WC_16S.2.fq.gz    FASTQ   DNA         82     11,703      141    142.7      143    143    143    143        0  143    75.9    65.4
RS1_IM_S4_1_16S.1.fq.gz     FASTQ   DNA     27,849  3,965,901      138    142.4      143    142    143    143        0  143    97.2   93.12
RS1_IM_S4_1_16S.2.fq.gz     FASTQ   DNA     27,849  3,974,582      139    142.7      143    142    143    143        0  143   96.98   92.99
RS1_IM_S4_2_16S.1.fq.gz     FASTQ   DNA     21,988  3,128,176      138    142.3      143    141    143    143        0  143   97.24   93.16
RS1_IM_S4_2_16S.2.fq.gz     FASTQ   DNA     21,988  3,139,431      138    142.8      143    143    143    143        0  143   97.11   93.18
RS1_IM_S4_3_16S.1.fq.gz     FASTQ   DNA     20,640  2,931,712      139      142      143    141    143    143        0  143   97.32   93.36
RS1_IM_S4_3_16S.2.fq.gz     FASTQ   DNA     20,640  2,946,894      139    142.8      143    143    143    143        0  143   97.32   93.48
RS1_IM_S4_4_16S.1.fq.gz     FASTQ   DNA     19,606  2,788,051      138    142.2      143    141    143    143        0  143    97.1   92.98
RS1_IM_S4_4_16S.2.fq.gz     FASTQ   DNA     19,606  2,797,881      139    142.7      143    142    143    143        0  143   97.08   93.08
RS1_IM_S4_5_16S.1.fq.gz     FASTQ   DNA     22,606  3,215,415      138    142.2      143    141    143    143        0  143   97.13   93.05
RS1_IM_S4_5_16S.2.fq.gz     FASTQ   DNA     22,606  3,226,996      139    142.7      143    143    143    143        0  143   97.14   93.22
RS1_IM_S4_WC_16S.1.fq.gz    FASTQ   DNA         45      6,386      139    141.9      143    141    142    143        0  142   96.49   92.12
RS1_IM_S4_WC_16S.2.fq.gz    FASTQ   DNA         45      6,418      141    142.6      143    142    143    143        0  143   95.84   90.62
RS1_ME_BC_16S.1.fq.gz       FASTQ   DNA         53      7,523      140    141.9      143    141    142    143        0  142   96.58   92.21
RS1_ME_BC_16S.2.fq.gz       FASTQ   DNA         53      7,566      142    142.8      143    143    143    143        0  143    95.8   91.24
RS1_ME_EB_16S.1.fq.gz       FASTQ   DNA         96     13,652      140    142.2      143    141  142.5    143        0  143   96.84   92.61
RS1_ME_EB_16S.2.fq.gz       FASTQ   DNA         96     13,706      142    142.8      143    143    143    143        0  143   96.73   92.43
RS1_ME_L1_1_16S.1.fq.gz     FASTQ   DNA     16,447  2,340,325      140    142.3      143    142    142    143        0  142   97.06   92.97
RS1_ME_L1_1_16S.2.fq.gz     FASTQ   DNA     16,447  2,347,390      139    142.7      143    142    143    143        0  143   96.46   91.89
RS1_ME_L1_2_16S.1.fq.gz     FASTQ   DNA     22,500  3,192,982      139    141.9      143    141    142    142        0  142   97.08   93.05
RS1_ME_L1_2_16S.2.fq.gz     FASTQ   DNA     22,500  3,212,878      140    142.8      143    143    143    143        0  143   96.89   92.63
RS1_ME_L1_3_16S.1.fq.gz     FASTQ   DNA     20,496  2,914,614      140    142.2      143    141    142    143        0  142   97.07   93.17
RS1_ME_L1_3_16S.2.fq.gz     FASTQ   DNA     20,496  2,924,659      139    142.7      143    142    143    143        0  143   96.56   92.11
RS1_ME_L1_4_16S.1.fq.gz     FASTQ   DNA     15,640  2,219,626      139    141.9      143    141    142    143        0  142   97.18   93.42
RS1_ME_L1_4_16S.2.fq.gz     FASTQ   DNA     15,640  2,228,435      139    142.5      143    142    142    143        0  142   96.13   91.59
RS1_ME_L1_5_16S.1.fq.gz     FASTQ   DNA     16,277  2,319,740      139    142.5      143    142    143    143        0  143   96.95   92.77
RS1_ME_L1_5_16S.2.fq.gz     FASTQ   DNA     16,277  2,325,269      140    142.9      143    143    143    143        0  143   96.61   92.29
RS1_ME_L1_WC_16S.1.fq.gz    FASTQ   DNA         55      7,828      140    142.3      143    142    143    143        0  143   96.17   91.98
RS1_ME_L1_WC_16S.2.fq.gz    FASTQ   DNA         55      7,845      141    142.6      143    142    143    143        0  143   94.79   90.17
RS1_ME_L2_1_16S.1.fq.gz     FASTQ   DNA     15,710  2,222,149      137    141.4      143    140    142    143        0  142   97.15   93.13
RS1_ME_L2_1_16S.2.fq.gz     FASTQ   DNA     15,710  2,244,294      140    142.9      143    143    143    143        0  143    96.6   92.27
RS1_ME_L2_2_16S.1.fq.gz     FASTQ   DNA     13,360  1,895,240      139    141.9      143    142    142    142        0  142   97.33   93.48
RS1_ME_L2_2_16S.2.fq.gz     FASTQ   DNA     13,360  1,908,070      140    142.8      143    143    143    143        0  143   97.13    93.1
RS1_ME_L2_3_16S.1.fq.gz     FASTQ   DNA     20,104  2,859,161      139    142.2      143    141    143    143        0  143   97.04   93.07
RS1_ME_L2_3_16S.2.fq.gz     FASTQ   DNA     20,104  2,872,163      138    142.9      143    143    143    143        0  143   96.65   92.28
RS1_ME_L2_4_16S.1.fq.gz     FASTQ   DNA     20,419  2,902,577      139    142.2      143    141    142    143        0  142    97.2   93.32
RS1_ME_L2_4_16S.2.fq.gz     FASTQ   DNA     20,419  2,913,811      139    142.7      143    142    143    143        0  143    96.7   92.44
RS1_ME_L2_5_16S.1.fq.gz     FASTQ   DNA     21,732  3,091,334      137    142.2      143    142    143    143        0  143   96.82   92.57
RS1_ME_L2_5_16S.2.fq.gz     FASTQ   DNA     21,732  3,104,837      138    142.9      143    143    143    143        0  143   96.54   92.13
RS1_ME_L2_WC_16S.1.fq.gz    FASTQ   DNA         86     12,205      140    141.9      143    141    142    143        0  142   96.87   92.82
RS1_ME_L2_WC_16S.2.fq.gz    FASTQ   DNA         86     12,275      141    142.7      143    143    143    143        0  143   96.46   92.02
RS1_ME_L3_1_16S.1.fq.gz     FASTQ   DNA     24,005  3,415,421      139    142.3      143    142    142    143        0  142   96.82   92.74
RS1_ME_L3_1_16S.2.fq.gz     FASTQ   DNA     24,005  3,424,162      138    142.6      143    142    143    143        0  143   96.78   92.55
RS1_ME_L3_2_16S.1.fq.gz     FASTQ   DNA     27,697  3,946,645      139    142.5      143    142    143    143        0  143   96.79   92.66
RS1_ME_L3_2_16S.2.fq.gz     FASTQ   DNA     27,697  3,953,335      139    142.7      143    142    143    143        0  143   96.34   91.82
RS1_ME_L3_3_16S.1.fq.gz     FASTQ   DNA     20,645  2,939,151      139    142.4      143    142    143    143        0  143   97.06      93
RS1_ME_L3_3_16S.2.fq.gz     FASTQ   DNA     20,645  2,949,688      139    142.9      143    143    143    143        0  143   97.01   92.86
RS1_ME_L3_4_16S.1.fq.gz     FASTQ   DNA     16,856  2,399,666      139    142.4      143    142    143    143        0  143   96.99   92.96
RS1_ME_L3_4_16S.2.fq.gz     FASTQ   DNA     16,856  2,407,431      139    142.8      143    143    143    143        0  143   96.63   92.25
RS1_ME_L3_5_16S.1.fq.gz     FASTQ   DNA     23,785  3,381,383      139    142.2      143    142    142    143        0  142   96.88   92.82
RS1_ME_L3_5_16S.2.fq.gz     FASTQ   DNA     23,785  3,394,709      138    142.7      143    142    143    143        0  143   96.96   92.83
RS1_ME_L3_WC_16S.1.fq.gz    FASTQ   DNA         69      9,815      139    142.2      143    142    143    143        0  143    97.1   93.36
RS1_ME_L3_WC_16S.2.fq.gz    FASTQ   DNA         69      9,844      142    142.7      143    142    143    143        0  143   97.32   93.76
RS1_ME_S1_1_16S.1.fq.gz     FASTQ   DNA     16,976  2,422,256      139    142.7      143    143    143    143        0  143   97.18   93.13
RS1_ME_S1_1_16S.2.fq.gz     FASTQ   DNA     16,976  2,426,451      139    142.9      143    143    143    143        0  143   97.17   93.14
RS1_ME_S1_2_16S.1.fq.gz     FASTQ   DNA     24,482  3,481,054      138    142.2      143    141    143    143        0  143   97.35   93.53
RS1_ME_S1_2_16S.2.fq.gz     FASTQ   DNA     24,482  3,486,242      139    142.4      143    141    143    143        0  143   96.82    92.5
RS1_ME_S1_3_16S.1.fq.gz     FASTQ   DNA     29,952  4,232,438      138    141.3      143    140    140    143        0  141   97.02   92.97
RS1_ME_S1_3_16S.2.fq.gz     FASTQ   DNA     29,952  4,281,303      139    142.9      143    143    143    143        0  143   96.27   91.57
RS1_ME_S1_4_16S.1.fq.gz     FASTQ   DNA     21,891  3,109,015      139      142      143    140    143    143        0  143   97.11   93.02
RS1_ME_S1_4_16S.2.fq.gz     FASTQ   DNA     21,891  3,128,520      139    142.9      143    143    143    143        0  143   96.76   92.55
RS1_ME_S1_5_16S.1.fq.gz     FASTQ   DNA     16,692  2,360,978      139    141.4      143    140    141    143        0  141   96.97    92.9
RS1_ME_S1_5_16S.2.fq.gz     FASTQ   DNA     16,692  2,385,056      139    142.9      143    143    143    143        0  143   95.79   90.73
RS1_ME_S1_WC_16S.1.fq.gz    FASTQ   DNA         66      9,384      140    142.2      143    141    142    143        0  142   95.91   91.04
RS1_ME_S1_WC_16S.2.fq.gz    FASTQ   DNA         66      9,419      142    142.7      143    142    143    143        0  143   95.22   89.63
RS1_ME_S2_1_16S.1.fq.gz     FASTQ   DNA     23,958  3,398,129      139    141.8      143    141    141    143        0  141   96.62   92.39
RS1_ME_S2_1_16S.2.fq.gz     FASTQ   DNA     23,958  3,410,678      139    142.4      143    141    143    143        0  143   96.08   91.21
RS1_ME_S2_2_16S.1.fq.gz     FASTQ   DNA     21,063  3,005,212      138    142.7      143    143    143    143        0  143   96.81   92.93
RS1_ME_S2_2_16S.2.fq.gz     FASTQ   DNA     21,063  2,989,563      140    141.9      143    141    141    143        0  141    96.6   92.16
RS1_ME_S2_3_16S.1.fq.gz     FASTQ   DNA     19,111  2,725,116      139    142.6      143    143    143    143        0  143    96.8   92.97
RS1_ME_S2_3_16S.2.fq.gz     FASTQ   DNA     19,111  2,708,055      140    141.7      143    141    141    143        0  141   96.65   92.15
RS1_ME_S2_4_16S.1.fq.gz     FASTQ   DNA     23,231  3,313,933      139    142.7      143    143    143    143        0  143   96.82   92.88
RS1_ME_S2_4_16S.2.fq.gz     FASTQ   DNA     23,231  3,293,561      138    141.8      143    141    141    143        0  141   96.47   91.85
RS1_ME_S2_5_16S.1.fq.gz     FASTQ   DNA     19,267  2,738,598      139    142.1      143    141    143    143        0  143   97.22    93.4
RS1_ME_S2_5_16S.2.fq.gz     FASTQ   DNA     19,267  2,740,949      139    142.3      143    141    143    143        0  143   96.51   91.93
RS1_ME_S2_WC_16S.1.fq.gz    FASTQ   DNA         16      2,273      140    142.1      143    142    142    143        0  142   98.42   95.25
RS1_ME_S2_WC_16S.2.fq.gz    FASTQ   DNA         16      2,284      142    142.8      143  142.5    143    143        0  143   98.07   94.79
RS1_ME_S3_1_16S.1.fq.gz     FASTQ   DNA     14,556  2,062,210      139    141.7      143    141    141    143        0  141   96.96   92.94
RS1_ME_S3_1_16S.2.fq.gz     FASTQ   DNA     14,556  2,078,325      139    142.8      143    143    143    143        0  143   97.23   93.42
RS1_ME_S3_2_16S.1.fq.gz     FASTQ   DNA     17,243  2,439,982       96    141.5      143    141    141    143        0  141   96.92   92.82
RS1_ME_S3_2_16S.2.fq.gz     FASTQ   DNA     17,243  2,462,960       96    142.8      143    143    143    143        0  143   97.29   93.49
RS1_ME_S3_3_16S.1.fq.gz     FASTQ   DNA     18,725  2,655,726      138    141.8      143    141    141    143        0  141   97.01   92.91
RS1_ME_S3_3_16S.2.fq.gz     FASTQ   DNA     18,725  2,674,522      141    142.8      143    143    143    143        0  143   97.29    93.5
RS1_ME_S3_4_16S.1.fq.gz     FASTQ   DNA     17,737  2,486,337       36    140.2      143    140    140    140        0  140   97.57   94.16
RS1_ME_S3_4_16S.2.fq.gz     FASTQ   DNA     17,737  2,535,693       36      143      143    143    143    143        0  143   96.94   92.94
RS1_ME_S3_5_16S.1.fq.gz     FASTQ   DNA     13,582  1,939,324      138    142.8      143    143    143    143        0  143   96.41   92.19
RS1_ME_S3_5_16S.2.fq.gz     FASTQ   DNA     13,582  1,930,603      141    142.1      143    142    142    142        0  142    97.6   94.17
RS1_ME_S3_WC_16S.1.fq.gz    FASTQ   DNA        111     15,815      140    142.5      143    142    143    143        0  143   96.88   92.63
RS1_ME_S3_WC_16S.2.fq.gz    FASTQ   DNA        111     15,817      142    142.5      143    142    142    143        0  142   97.19   92.79
RS1_ME_S4_1_16S.1.fq.gz     FASTQ   DNA     18,632  2,648,488      138    142.1      143    141    143    143        0  143   96.37   92.16
RS1_ME_S4_1_16S.2.fq.gz     FASTQ   DNA     18,632  2,659,298      140    142.7      143    142    143    143        0  143   96.55   92.21
RS1_ME_S4_1(2)_16S.1.fq.gz  FASTQ   DNA     18,292  2,597,860      139      142      143    141    143    143        0  143   96.83   92.75
RS1_ME_S4_1(2)_16S.2.fq.gz  FASTQ   DNA     18,292  2,610,699      139    142.7      143    142    143    143        0  143   96.77   92.61
RS1_ME_S4_2_16S.1.fq.gz     FASTQ   DNA     21,526  3,056,452      139      142      143    141    142    143        0  142   97.01   93.01
RS1_ME_S4_2_16S.2.fq.gz     FASTQ   DNA     21,526  3,071,515      139    142.7      143    142    143    143        0  143   96.62   92.34
RS1_ME_S4_3_16S.1.fq.gz     FASTQ   DNA     19,109  2,713,919      138      142      143    141    142    143        0  142   97.33   93.57
RS1_ME_S4_3_16S.2.fq.gz     FASTQ   DNA     19,109  2,724,972      138    142.6      143    142    143    143        0  143   96.74   92.43
RS1_ME_S4_4_16S.1.fq.gz     FASTQ   DNA     22,905  3,254,920      139    142.1      143    141    143    143        0  143   97.23   93.33
RS1_ME_S4_4_16S.2.fq.gz     FASTQ   DNA     22,905  3,268,746      139    142.7      143    142    143    143        0  143   96.57   92.17
RS1_ME_S4_5_16S.1.fq.gz     FASTQ   DNA     24,125  3,431,331      139    142.2      143    141    143    143        0  143   97.27    93.4
RS1_ME_S4_5_16S.2.fq.gz     FASTQ   DNA     24,125  3,440,751      139    142.6      143    142    143    143        0  143   96.85    92.6
RS1_ME_S4_WC_16S.1.fq.gz    FASTQ   DNA        107     15,114       34    141.3      143  141.5    143    143        0  143   96.92   92.82
RS1_ME_S4_WC_16S.2.fq.gz    FASTQ   DNA        107     15,170       34    141.8      143    143    143    143        0  143    77.4   66.53
