file                                format  type   num_seqs      sum_len  min_len  avg_len  max_len   Q1   Q2   Q3  sum_gap  N50  Q20(%)  Q30(%)
NTC1_16S_1_trimmed.fq.gz            FASTQ   DNA       7,748      950,168       58    122.6      123  123  123  123        0  123   94.97   90.75
NTC1_16S_2_trimmed.fq.gz            FASTQ   DNA       7,748      924,926       24    119.4      121  121  121  121        0  121   93.53    88.3
NTC2_16S_1_trimmed.fq.gz            FASTQ   DNA      16,787    2,057,604       58    122.6      123  123  123  123        0  123   95.13   90.78
NTC2_16S_2_trimmed.fq.gz            FASTQ   DNA      16,787    2,001,220       24    119.2      121  121  121  121        0  121   94.18   89.18
NTC3_16S_1_trimmed.fq.gz            FASTQ   DNA       2,670      327,388       58    122.6      123  123  123  123        0  123   95.38   91.19
NTC3_16S_2_trimmed.fq.gz            FASTQ   DNA       2,670      319,167       24    119.5      121  121  121  121        0  121   93.62   88.44
RS1_CL_BC_16S_1_trimmed.fq.gz       FASTQ   DNA      11,629    1,427,150       58    122.7      123  123  123  123        0  123   96.26   91.99
RS1_CL_BC_16S_2_trimmed.fq.gz       FASTQ   DNA      11,629    1,386,231       24    119.2      121  121  121  121        0  121   75.99   63.63
RS1_CL_EB_16S_1_trimmed.fq.gz       FASTQ   DNA     362,678   44,538,517       34    122.8      123  123  123  123        0  123   95.52   91.67
RS1_CL_EB_16S_2_trimmed.fq.gz       FASTQ   DNA     362,678   43,273,058       24    119.3      121  121  121  121        0  121   96.33   91.88
RS1_CL_L1_1_16S_1_trimmed.fq.gz     FASTQ   DNA     372,355   45,696,547       34    122.7      123  123  123  123        0  123   97.26    93.8
RS1_CL_L1_1_16S_2_trimmed.fq.gz     FASTQ   DNA     372,355   44,393,972       22    119.2      121  121  121  121        0  121    96.5    92.4
RS1_CL_L1_2_16S_1_trimmed.fq.gz     FASTQ   DNA     400,107   49,004,412       34    122.5      123  122  123  123        0  123   97.03   93.34
RS1_CL_L1_2_16S_2_trimmed.fq.gz     FASTQ   DNA     400,107   47,728,105       22    119.3      121  121  121  121        0  121    96.6   92.51
RS1_CL_L1_3_16S_1_trimmed.fq.gz     FASTQ   DNA     394,336   48,359,128       34    122.6      123  123  123  123        0  123   97.21   93.63
RS1_CL_L1_3_16S_2_trimmed.fq.gz     FASTQ   DNA     394,336   47,013,918       24    119.2      121  121  121  121        0  121   96.19   91.83
RS1_CL_L1_4_16S_1_trimmed.fq.gz     FASTQ   DNA     359,682   44,117,930       58    122.7      123  123  123  123        0  123   96.84   92.78
RS1_CL_L1_4_16S_2_trimmed.fq.gz     FASTQ   DNA     359,682   42,903,380       21    119.3      121  121  121  121        0  121      96   91.57
RS1_CL_L1_5_16S_1_trimmed.fq.gz     FASTQ   DNA     444,487   54,490,837       34    122.6      123  123  123  123        0  123   97.15   93.57
RS1_CL_L1_5_16S_2_trimmed.fq.gz     FASTQ   DNA     444,487   53,028,056       24    119.3      121  121  121  121        0  121   96.08   91.66
RS1_CL_L1_WC_16S_1_trimmed.fq.gz    FASTQ   DNA       1,019      124,937       58    122.6      123  123  123  123        0  123   94.79   90.46
RS1_CL_L1_WC_16S_2_trimmed.fq.gz    FASTQ   DNA       1,019      122,338       24    120.1      121  121  121  121        0  121   93.53   88.33
RS1_CL_L2_1_16S_1_trimmed.fq.gz     FASTQ   DNA     444,324   54,461,164       34    122.6      123  123  123  123        0  123   96.99   93.43
RS1_CL_L2_1_16S_2_trimmed.fq.gz     FASTQ   DNA     444,324   53,012,439       22    119.3      121  121  121  121        0  121   97.01    93.3
RS1_CL_L2_2_16S_1_trimmed.fq.gz     FASTQ   DNA     442,319   54,277,492       34    122.7      123  123  123  123        0  123   97.19   93.68
RS1_CL_L2_2_16S_2_trimmed.fq.gz     FASTQ   DNA     442,319   52,751,775       23    119.3      121  121  121  121        0  121   97.16   93.55
RS1_CL_L2_3_16S_1_trimmed.fq.gz     FASTQ   DNA     397,438   48,749,771       58    122.7      123  123  123  123        0  123   97.17    93.6
RS1_CL_L2_3_16S_2_trimmed.fq.gz     FASTQ   DNA     397,438   47,397,164       24    119.3      121  121  121  121        0  121   96.92   93.09
RS1_CL_L2_4_16S_1_trimmed.fq.gz     FASTQ   DNA     482,830   59,175,459       34    122.6      123  123  123  123        0  123   96.74   92.97
RS1_CL_L2_4_16S_2_trimmed.fq.gz     FASTQ   DNA     482,830   57,590,408       24    119.3      121  121  121  121        0  121   96.03   91.64
RS1_CL_L2_5_16S_1_trimmed.fq.gz     FASTQ   DNA     565,497   69,371,247       34    122.7      123  123  123  123        0  123   96.83   93.13
RS1_CL_L2_5_16S_2_trimmed.fq.gz     FASTQ   DNA     565,497   67,469,025       24    119.3      121  121  121  121        0  121   96.84      93
RS1_CL_L2_WC_16S_1_trimmed.fq.gz    FASTQ   DNA       3,532      433,082       58    122.6      123  123  123  123        0  123   95.92   91.86
RS1_CL_L2_WC_16S_2_trimmed.fq.gz    FASTQ   DNA       3,532      420,254       24      119      121  121  121  121        0  121   94.44   89.28
RS1_CL_L3_1_16S_1_trimmed.fq.gz     FASTQ   DNA     655,257   80,385,895       44    122.7      123  123  123  123        0  123   96.85   93.12
RS1_CL_L3_1_16S_2_trimmed.fq.gz     FASTQ   DNA     655,257   78,163,081       24    119.3      121  121  121  121        0  121   96.08   91.63
RS1_CL_L3_2_16S_1_trimmed.fq.gz     FASTQ   DNA     723,019   88,534,153       34    122.5      123  122  123  123        0  123   96.38    92.5
RS1_CL_L3_2_16S_2_trimmed.fq.gz     FASTQ   DNA     723,019   86,252,198       22    119.3      121  121  121  121        0  121   96.19   91.94
RS1_CL_L3_3_16S_1_trimmed.fq.gz     FASTQ   DNA     637,835   78,236,034       34    122.7      123  123  123  123        0  123    96.7   92.82
RS1_CL_L3_3_16S_2_trimmed.fq.gz     FASTQ   DNA     637,835   76,092,100       22    119.3      121  121  121  121        0  121   95.93   91.43
RS1_CL_L3_4_16S_1_trimmed.fq.gz     FASTQ   DNA     534,895   65,619,241       58    122.7      123  123  123  123        0  123   96.75   92.96
RS1_CL_L3_4_16S_2_trimmed.fq.gz     FASTQ   DNA     534,895   63,805,820       22    119.3      121  121  121  121        0  121   96.25   92.02
RS1_CL_L3_5_16S_1_trimmed.fq.gz     FASTQ   DNA     634,703   77,894,401       34    122.7      123  123  123  123        0  123   96.35   92.35
RS1_CL_L3_5_16S_2_trimmed.fq.gz     FASTQ   DNA     634,703   75,717,872       24    119.3      121  121  121  121        0  121   96.29   92.13
RS1_CL_L3_WC_16S_1_trimmed.fq.gz    FASTQ   DNA       1,251      153,475       58    122.7      123  123  123  123        0  123   95.31   91.04
RS1_CL_L3_WC_16S_2_trimmed.fq.gz    FASTQ   DNA       1,251      149,279       24    119.3      121  121  121  121        0  121   94.12   88.92
RS1_CL_S1_1_16S_1_trimmed.fq.gz     FASTQ   DNA     654,206   80,295,958       34    122.7      123  123  123  123        0  123   95.42   91.46
RS1_CL_S1_1_16S_2_trimmed.fq.gz     FASTQ   DNA     654,206   78,041,535       22    119.3      121  121  121  121        0  121   96.37   92.24
RS1_CL_S1_2_16S_1_trimmed.fq.gz     FASTQ   DNA     913,652  112,062,965       41    122.7      123  123  123  123        0  123   96.13   92.55
RS1_CL_S1_2_16S_2_trimmed.fq.gz     FASTQ   DNA     913,652  108,989,122       21    119.3      121  121  121  121        0  121   96.48   92.27
RS1_CL_S1_3_16S_1_trimmed.fq.gz     FASTQ   DNA     754,986   92,687,009       29    122.8      123  123  123  123        0  123   95.85   92.14
RS1_CL_S1_3_16S_2_trimmed.fq.gz     FASTQ   DNA     754,986   90,070,284       22    119.3      121  121  121  121        0  121   96.51   92.29
RS1_CL_S1_4_16S_1_trimmed.fq.gz     FASTQ   DNA     815,441  100,083,870       29    122.7      123  123  123  123        0  123   96.96   93.37
RS1_CL_S1_4_16S_2_trimmed.fq.gz     FASTQ   DNA     815,441   97,292,521       22    119.3      121  121  121  121        0  121   96.33   92.01
RS1_CL_S1_5_16S_1_trimmed.fq.gz     FASTQ   DNA     979,713  120,159,984       58    122.6      123  123  123  123        0  123   96.25   92.67
RS1_CL_S1_5_16S_2_trimmed.fq.gz     FASTQ   DNA     979,713  116,870,772       24    119.3      121  121  121  121        0  121   96.79   92.83
RS1_CL_S1_WC_16S_1_trimmed.fq.gz    FASTQ   DNA       5,761      706,651       58    122.7      123  123  123  123        0  123   96.29   92.29
RS1_CL_S1_WC_16S_2_trimmed.fq.gz    FASTQ   DNA       5,761      686,986       24    119.2      121  121  121  121        0  121   95.11   90.25
RS1_CL_S2_1_16S_1_trimmed.fq.gz     FASTQ   DNA     681,110   83,617,911       29    122.8      123  123  123  123        0  123   97.28   93.96
RS1_CL_S2_1_16S_2_trimmed.fq.gz     FASTQ   DNA     681,110   81,251,991       22    119.3      121  121  121  121        0  121   96.47   92.14
RS1_CL_S2_2_16S_1_trimmed.fq.gz     FASTQ   DNA     658,518   80,854,928       34    122.8      123  123  123  123        0  123   97.57   94.33
RS1_CL_S2_2_16S_2_trimmed.fq.gz     FASTQ   DNA     658,518   78,547,817       22    119.3      121  121  121  121        0  121   96.51    92.2
RS1_CL_S2_3_16S_1_trimmed.fq.gz     FASTQ   DNA     683,797   83,959,116       34    122.8      123  123  123  123        0  123   97.42   94.13
RS1_CL_S2_3_16S_2_trimmed.fq.gz     FASTQ   DNA     683,797   81,586,597       22    119.3      121  121  121  121        0  121   96.64   92.46
RS1_CL_S2_4_16S_1_trimmed.fq.gz     FASTQ   DNA     623,048   76,506,763       34    122.8      123  123  123  123        0  123   97.54    94.3
RS1_CL_S2_4_16S_2_trimmed.fq.gz     FASTQ   DNA     623,048   74,331,948       24    119.3      121  121  121  121        0  121   96.66   92.48
RS1_CL_S2_5_16S_1_trimmed.fq.gz     FASTQ   DNA     957,268  117,507,932       34    122.8      123  123  123  123        0  123   97.37   94.01
RS1_CL_S2_5_16S_2_trimmed.fq.gz     FASTQ   DNA     957,268  114,209,087       21    119.3      121  121  121  121        0  121   96.09   91.56
RS1_CL_S2_WC_16S_1_trimmed.fq.gz    FASTQ   DNA     556,841   67,862,346       58    121.9      123  122  122  122        0  122    96.3   91.67
RS1_CL_S2_WC_16S_2_trimmed.fq.gz    FASTQ   DNA     556,841   66,416,188       24    119.3      121  121  121  121        0  121   72.35   58.28
RS1_CL_S3_1_16S_1_trimmed.fq.gz     FASTQ   DNA     702,702   86,234,935       34    122.7      123  123  123  123        0  123   97.06   93.49
RS1_CL_S3_1_16S_2_trimmed.fq.gz     FASTQ   DNA     702,702   83,845,891       24    119.3      121  121  121  121        0  121    96.5   92.34
RS1_CL_S3_2_16S_1_trimmed.fq.gz     FASTQ   DNA   1,011,388  124,159,054       34    122.8      123  123  123  123        0  123   97.42   94.02
RS1_CL_S3_2_16S_2_trimmed.fq.gz     FASTQ   DNA   1,011,388  120,652,320       20    119.3      121  121  121  121        0  121   96.46   92.24
RS1_CL_S3_3_16S_1_trimmed.fq.gz     FASTQ   DNA   1,203,900  147,790,272       34    122.8      123  123  123  123        0  123   96.83   93.17
RS1_CL_S3_3_16S_2_trimmed.fq.gz     FASTQ   DNA   1,203,900  143,617,798       22    119.3      121  121  121  121        0  121   96.57   92.54
RS1_CL_S3_4_16S_1_trimmed.fq.gz     FASTQ   DNA     995,899  122,201,574       31    122.7      123  123  123  123        0  123   97.15   93.54
RS1_CL_S3_4_16S_2_trimmed.fq.gz     FASTQ   DNA     995,899  118,810,279       22    119.3      121  121  121  121        0  121   96.46   92.27
RS1_CL_S3_5_16S_1_trimmed.fq.gz     FASTQ   DNA     818,882  100,496,779       34    122.7      123  123  123  123        0  123   96.95   93.36
RS1_CL_S3_5_16S_2_trimmed.fq.gz     FASTQ   DNA     818,882   97,706,796       22    119.3      121  121  121  121        0  121   96.52    92.4
RS1_CL_S3_WC_16S_1_trimmed.fq.gz    FASTQ   DNA       2,620      321,231       58    122.6      123  123  123  123        0  123   94.93   90.61
RS1_CL_S3_WC_16S_2_trimmed.fq.gz    FASTQ   DNA       2,620      312,733       24    119.4      121  121  121  121        0  121   93.95   88.82
RS1_CL_S4_1_16S_1_trimmed.fq.gz     FASTQ   DNA   1,100,917  135,125,847       34    122.7      123  123  123  123        0  123   96.89   93.32
RS1_CL_S4_1_16S_2_trimmed.fq.gz     FASTQ   DNA   1,100,917  131,344,601       21    119.3      121  121  121  121        0  121   96.64   92.61
RS1_CL_S4_2_16S_1_trimmed.fq.gz     FASTQ   DNA     707,156   86,779,658       58    122.7      123  123  123  123        0  123   97.03   93.56
RS1_CL_S4_2_16S_2_trimmed.fq.gz     FASTQ   DNA     707,156   84,368,331       24    119.3      121  121  121  121        0  121    96.6   92.52
RS1_CL_S4_3_16S_1_trimmed.fq.gz     FASTQ   DNA   1,042,901  128,009,277       29    122.7      123  123  123  123        0  123    96.9   93.19
RS1_CL_S4_3_16S_2_trimmed.fq.gz     FASTQ   DNA   1,042,901  124,394,039       21    119.3      121  121  121  121        0  121   96.16    91.8
RS1_CL_S4_4_16S_1_trimmed.fq.gz     FASTQ   DNA     864,038  106,067,610       34    122.8      123  123  123  123        0  123   96.95   93.29
RS1_CL_S4_4_16S_2_trimmed.fq.gz     FASTQ   DNA     864,038  103,059,880       22    119.3      121  121  121  121        0  121   96.35   92.11
RS1_CL_S4_5_16S_1_trimmed.fq.gz     FASTQ   DNA     992,754  121,865,077       34    122.8      123  123  123  123        0  123   97.15   93.49
RS1_CL_S4_5_16S_2_trimmed.fq.gz     FASTQ   DNA     992,754  118,412,356       22    119.3      121  121  121  121        0  121   95.93   91.39
RS1_CL_S4_WC_16S_1_trimmed.fq.gz    FASTQ   DNA       1,641      200,998       36    122.5      123  123  123  123        0  123   94.67   90.24
RS1_CL_S4_WC_16S_2_trimmed.fq.gz    FASTQ   DNA       1,641      195,328       24      119      121  121  121  121        0  121   93.43   88.12
RS1_IM_BC_16S_1_trimmed.fq.gz       FASTQ   DNA      10,960    1,345,099       34    122.7      123  123  123  123        0  123   95.95   91.33
RS1_IM_BC_16S_2_trimmed.fq.gz       FASTQ   DNA      10,960    1,309,516       24    119.5      121  121  121  121        0  121   95.83   91.31
RS1_IM_EB_16S_1_trimmed.fq.gz       FASTQ   DNA      28,296    3,471,884       58    122.7      123  123  123  123        0  123   96.13   91.72
RS1_IM_EB_16S_2_trimmed.fq.gz       FASTQ   DNA      28,296    3,381,775       24    119.5      121  121  121  121        0  121   95.83   91.37
RS1_IM_L1_1_16S_1_trimmed.fq.gz     FASTQ   DNA   1,097,079  134,662,735       34    122.7      123  123  123  123        0  123    96.8   92.96
RS1_IM_L1_1_16S_2_trimmed.fq.gz     FASTQ   DNA   1,097,079  130,859,743       21    119.3      121  121  121  121        0  121   96.24   91.97
RS1_IM_L1_2_16S_1_trimmed.fq.gz     FASTQ   DNA     959,528  117,770,605       34    122.7      123  123  123  123        0  123   96.88   93.11
RS1_IM_L1_2_16S_2_trimmed.fq.gz     FASTQ   DNA     959,528  114,478,138       22    119.3      121  121  121  121        0  121   96.21   91.92
RS1_IM_L1_3_16S_1_trimmed.fq.gz     FASTQ   DNA   1,027,421  126,068,975       34    122.7      123  123  123  123        0  123   96.85   93.08
RS1_IM_L1_3_16S_2_trimmed.fq.gz     FASTQ   DNA   1,027,421  122,590,462       21    119.3      121  121  121  121        0  121   96.26   91.95
RS1_IM_L1_4_16S_1_trimmed.fq.gz     FASTQ   DNA     949,109  116,465,844       34    122.7      123  123  123  123        0  123   96.67   92.69
RS1_IM_L1_4_16S_2_trimmed.fq.gz     FASTQ   DNA     949,109  113,218,379       21    119.3      121  121  121  121        0  121   96.25   91.95
RS1_IM_L1_5_16S_1_trimmed.fq.gz     FASTQ   DNA     904,780  111,006,235       29    122.7      123  123  123  123        0  123   96.84   93.05
RS1_IM_L1_5_16S_2_trimmed.fq.gz     FASTQ   DNA     904,780  107,931,562       22    119.3      121  121  121  121        0  121   96.48   92.35
RS1_IM_L1_WC_16S_1_trimmed.fq.gz    FASTQ   DNA       5,218      639,216       52    122.5      123  123  123  123        0  123   95.24   90.95
RS1_IM_L1_WC_16S_2_trimmed.fq.gz    FASTQ   DNA       5,218      623,315       24    119.5      121  121  121  121        0  121   93.94   88.79
RS1_IM_L2_1_16S_1_trimmed.fq.gz     FASTQ   DNA     665,385   81,579,812       57    122.6      123  123  123  123        0  123   97.22   93.69
RS1_IM_L2_1_16S_2_trimmed.fq.gz     FASTQ   DNA     665,385   79,348,667       24    119.3      121  121  121  121        0  121   96.25   92.01
RS1_IM_L2_2_16S_1_trimmed.fq.gz     FASTQ   DNA     389,598   47,819,340       52    122.7      123  123  123  123        0  123   96.97   93.43
RS1_IM_L2_2_16S_2_trimmed.fq.gz     FASTQ   DNA     389,598   46,471,759       21    119.3      121  121  121  121        0  121   96.06   91.59
RS1_IM_L2_3_16S_1_trimmed.fq.gz     FASTQ   DNA     543,549   66,662,129       44    122.6      123  123  123  123        0  123    97.2   93.64
RS1_IM_L2_3_16S_2_trimmed.fq.gz     FASTQ   DNA     543,549   64,858,926       20    119.3      121  121  121  121        0  121   96.08   91.65
RS1_IM_L2_4_16S_1_trimmed.fq.gz     FASTQ   DNA     533,462   65,469,674       34    122.7      123  123  123  123        0  123   97.26   93.79
RS1_IM_L2_4_16S_2_trimmed.fq.gz     FASTQ   DNA     533,462   63,618,327       22    119.3      121  121  121  121        0  121   96.32   92.13
RS1_IM_L2_5_16S_1_trimmed.fq.gz     FASTQ   DNA     557,910   68,449,402       34    122.7      123  123  123  123        0  123   97.07   93.45
RS1_IM_L2_5_16S_2_trimmed.fq.gz     FASTQ   DNA     557,910   66,549,985       24    119.3      121  121  121  121        0  121   96.06   91.66
RS1_IM_L2_WC_16S_1_trimmed.fq.gz    FASTQ   DNA         764       93,648       58    122.6      123  123  123  123        0  123   95.21   91.17
RS1_IM_L2_WC_16S_2_trimmed.fq.gz    FASTQ   DNA         764       91,441       24    119.7      121  121  121  121        0  121   94.19   89.39
RS1_IM_L3_1_16S_1_trimmed.fq.gz     FASTQ   DNA     459,145   56,374,681       56    122.8      123  123  123  123        0  123   97.47   94.18
RS1_IM_L3_1_16S_2_trimmed.fq.gz     FASTQ   DNA     459,145   54,780,551       22    119.3      121  121  121  121        0  121   96.43   92.28
RS1_IM_L3_2_16S_1_trimmed.fq.gz     FASTQ   DNA     487,930   59,893,444       34    122.8      123  123  123  123        0  123   97.08   93.46
RS1_IM_L3_2_16S_2_trimmed.fq.gz     FASTQ   DNA     487,930   58,173,860       24    119.2      121  121  121  121        0  121    96.3   92.08
RS1_IM_L3_3_16S_1_trimmed.fq.gz     FASTQ   DNA     524,431   64,371,246       34    122.7      123  123  123  123        0  123   97.11   93.47
RS1_IM_L3_3_16S_2_trimmed.fq.gz     FASTQ   DNA     524,431   62,562,535       22    119.3      121  121  121  121        0  121   96.56   92.52
RS1_IM_L3_4_16S_1_trimmed.fq.gz     FASTQ   DNA     955,448  117,241,412       34    122.7      123  123  123  123        0  123   97.08   93.48
RS1_IM_L3_4_16S_2_trimmed.fq.gz     FASTQ   DNA     955,448  113,978,010       20    119.3      121  121  121  121        0  121   96.28   92.04
RS1_IM_L3_5_16S_1_trimmed.fq.gz     FASTQ   DNA     810,378   99,468,055       39    122.7      123  123  123  123        0  123      97   93.34
RS1_IM_L3_5_16S_2_trimmed.fq.gz     FASTQ   DNA     810,378   96,669,434       24    119.3      121  121  121  121        0  121   96.32   92.05
RS1_IM_L3_WC_16S_1_trimmed.fq.gz    FASTQ   DNA       2,463      302,036       44    122.6      123  123  123  123        0  123    95.8   91.66
RS1_IM_L3_WC_16S_2_trimmed.fq.gz    FASTQ   DNA       2,463      293,802       24    119.3      121  121  121  121        0  121   94.35   89.33
RS1_IM_S1_1_16S_1_trimmed.fq.gz     FASTQ   DNA   1,083,048  132,896,868       34    122.7      123  123  123  123        0  123    97.1   93.53
RS1_IM_S1_1_16S_2_trimmed.fq.gz     FASTQ   DNA   1,083,048  129,211,014       24    119.3      121  121  121  121        0  121   95.92   91.33
RS1_IM_S1_2_16S_1_trimmed.fq.gz     FASTQ   DNA   1,006,475  123,464,268       34    122.7      123  123  123  123        0  123   96.67   92.94
RS1_IM_S1_2_16S_2_trimmed.fq.gz     FASTQ   DNA   1,006,475  120,081,637       22    119.3      121  121  121  121        0  121   96.27   92.02
RS1_IM_S1_3_16S_1_trimmed.fq.gz     FASTQ   DNA   1,203,628  147,537,439       58    122.6      123  123  123  123        0  123   96.77   92.97
RS1_IM_S1_3_16S_2_trimmed.fq.gz     FASTQ   DNA   1,203,628  143,575,828       21    119.3      121  121  121  121        0  121   96.12   91.63
RS1_IM_S1_4_16S_1_trimmed.fq.gz     FASTQ   DNA   1,194,539  146,510,173       34    122.6      123  123  123  123        0  123   96.67   92.89
RS1_IM_S1_4_16S_2_trimmed.fq.gz     FASTQ   DNA   1,194,539  142,489,703       24    119.3      121  121  121  121        0  121   96.28   91.99
RS1_IM_S1_5_16S_1_trimmed.fq.gz     FASTQ   DNA   1,100,026  134,972,017       34    122.7      123  123  123  123        0  123   96.66   93.03
RS1_IM_S1_5_16S_2_trimmed.fq.gz     FASTQ   DNA   1,100,026  131,210,464       22    119.3      121  121  121  121        0  121   95.82   91.23
RS1_IM_S1_WC_16S_1_trimmed.fq.gz    FASTQ   DNA         876      107,526       58    122.7      123  123  123  123        0  123    95.2    91.1
RS1_IM_S1_WC_16S_2_trimmed.fq.gz    FASTQ   DNA         876      104,550       24    119.3      121  121  121  121        0  121   94.07   89.01
RS1_IM_S2_1_16S_1_trimmed.fq.gz     FASTQ   DNA   1,123,780  137,861,543       34    122.7      123  123  123  123        0  123   96.05   92.34
RS1_IM_S2_1_16S_2_trimmed.fq.gz     FASTQ   DNA   1,123,780  134,064,001       23    119.3      121  121  121  121        0  121   96.22   91.87
RS1_IM_S2_2_16S_1_trimmed.fq.gz     FASTQ   DNA     919,101  112,788,727       58    122.7      123  123  123  123        0  123   96.97    93.6
RS1_IM_S2_2_16S_2_trimmed.fq.gz     FASTQ   DNA     919,101  109,645,925       23    119.3      121  121  121  121        0  121   96.48   92.21
RS1_IM_S2_3_16S_1_trimmed.fq.gz     FASTQ   DNA     744,190   91,203,391       58    122.6      123  122  123  123        0  123   96.75   93.12
RS1_IM_S2_3_16S_2_trimmed.fq.gz     FASTQ   DNA     744,190   88,783,011       22    119.3      121  121  121  121        0  121   96.72   92.62
RS1_IM_S2_4_16S_1_trimmed.fq.gz     FASTQ   DNA     977,308  119,888,416       34    122.7      123  123  123  123        0  123   97.14   93.59
RS1_IM_S2_4_16S_2_trimmed.fq.gz     FASTQ   DNA     977,308  116,613,166       20    119.3      121  121  121  121        0  121   96.43   92.14
RS1_IM_S2_5_16S_1_trimmed.fq.gz     FASTQ   DNA   1,202,169  147,385,091       58    122.6      123  123  123  123        0  123   96.77   93.26
RS1_IM_S2_5_16S_2_trimmed.fq.gz     FASTQ   DNA   1,202,169  143,451,842       24    119.3      121  121  121  121        0  121   96.67   92.63
RS1_IM_S2_WC_16S_1_trimmed.fq.gz    FASTQ   DNA       3,024      370,807       43    122.6      123  123  123  123        0  123    96.3   92.46
RS1_IM_S2_WC_16S_2_trimmed.fq.gz    FASTQ   DNA       3,024      361,071       24    119.4      121  121  121  121        0  121   95.11   90.51
RS1_IM_S3_1_16S_1_trimmed.fq.gz     FASTQ   DNA     515,918   63,319,552       45    122.7      123  123  123  123        0  123   97.66   94.39
RS1_IM_S3_1_16S_2_trimmed.fq.gz     FASTQ   DNA     515,918   61,556,930       24    119.3      121  121  121  121        0  121    96.8   92.83
RS1_IM_S3_2_16S_1_trimmed.fq.gz     FASTQ   DNA     578,238   70,987,765       58    122.8      123  123  123  123        0  123   97.64   94.39
RS1_IM_S3_2_16S_2_trimmed.fq.gz     FASTQ   DNA     578,238   68,981,570       23    119.3      121  121  121  121        0  121   96.84   92.92
RS1_IM_S3_3_16S_1_trimmed.fq.gz     FASTQ   DNA     895,396  109,950,914       34    122.8      123  123  123  123        0  123   97.43      94
RS1_IM_S3_3_16S_2_trimmed.fq.gz     FASTQ   DNA     895,396  106,831,350       20    119.3      121  121  121  121        0  121   96.44   92.39
RS1_IM_S3_4_16S_1_trimmed.fq.gz     FASTQ   DNA     724,233   88,926,018       34    122.8      123  123  123  123        0  123   97.61   94.22
RS1_IM_S3_4_16S_2_trimmed.fq.gz     FASTQ   DNA     724,233   86,404,194       22    119.3      121  121  121  121        0  121   96.97   93.18
RS1_IM_S3_5_16S_1_trimmed.fq.gz     FASTQ   DNA     724,648   88,975,754       34    122.8      123  123  123  123        0  123   97.25   93.59
RS1_IM_S3_5_16S_2_trimmed.fq.gz     FASTQ   DNA     724,648   86,443,991       24    119.3      121  121  121  121        0  121   96.54   92.47
RS1_IM_S3_WC_16S_1_trimmed.fq.gz    FASTQ   DNA       2,531      310,718       44    122.8      123  123  123  123        0  123   96.29   92.34
RS1_IM_S3_WC_16S_2_trimmed.fq.gz    FASTQ   DNA       2,531      300,325       24    118.7      121  120  121  121        0  121   80.73   70.47
RS1_IM_S4_1_16S_1_trimmed.fq.gz     FASTQ   DNA     893,102  109,654,737       34    122.8      123  123  123  123        0  123   97.08   93.25
RS1_IM_S4_1_16S_2_trimmed.fq.gz     FASTQ   DNA     893,102  106,557,104       24    119.3      121  121  121  121        0  121   96.86   93.08
RS1_IM_S4_2_16S_1_trimmed.fq.gz     FASTQ   DNA     891,219  109,426,005       34    122.8      123  123  123  123        0  123   97.14   93.32
RS1_IM_S4_2_16S_2_trimmed.fq.gz     FASTQ   DNA     891,219  106,322,774       22    119.3      121  121  121  121        0  121   96.79   92.91
RS1_IM_S4_3_16S_1_trimmed.fq.gz     FASTQ   DNA     766,291   94,089,373       58    122.8      123  123  123  123        0  123   97.49   94.02
RS1_IM_S4_3_16S_2_trimmed.fq.gz     FASTQ   DNA     766,291   91,406,093       21    119.3      121  121  121  121        0  121   96.99   93.27
RS1_IM_S4_4_16S_1_trimmed.fq.gz     FASTQ   DNA     848,969  104,231,331       34    122.8      123  123  123  123        0  123   97.07   93.28
RS1_IM_S4_4_16S_2_trimmed.fq.gz     FASTQ   DNA     848,969  101,278,891       21    119.3      121  121  121  121        0  121   96.66   92.69
RS1_IM_S4_5_16S_1_trimmed.fq.gz     FASTQ   DNA     977,166  119,967,492       34    122.8      123  123  123  123        0  123   97.08   93.29
RS1_IM_S4_5_16S_2_trimmed.fq.gz     FASTQ   DNA     977,166  116,560,052       22    119.3      121  121  121  121        0  121   96.87   93.08
RS1_IM_S4_WC_16S_1_trimmed.fq.gz    FASTQ   DNA       1,922      235,759       58    122.7      123  123  123  123        0  123   95.17   90.88
RS1_IM_S4_WC_16S_2_trimmed.fq.gz    FASTQ   DNA       1,922      228,962       24    119.1      121  121  121  121        0  121   93.96   88.96
RS1_ME_BC_16S_1_trimmed.fq.gz       FASTQ   DNA         699       85,559       58    122.4      123  123  123  123        0  123   96.08   92.02
RS1_ME_BC_16S_2_trimmed.fq.gz       FASTQ   DNA         699       83,404       24    119.3      121  121  121  121        0  121   95.13   90.49
RS1_ME_EB_16S_1_trimmed.fq.gz       FASTQ   DNA       2,470      302,808       58    122.6      123  123  123  123        0  123   96.32   92.38
RS1_ME_EB_16S_2_trimmed.fq.gz       FASTQ   DNA       2,470      294,007       24      119      121  121  121  121        0  121   94.67   89.72
RS1_ME_L1_1_16S_1_trimmed.fq.gz     FASTQ   DNA     670,084   82,109,655       34    122.5      123  122  123  123        0  123   96.92   93.17
RS1_ME_L1_1_16S_2_trimmed.fq.gz     FASTQ   DNA     670,084   79,938,548       24    119.3      121  121  121  121        0  121   96.14   91.79
RS1_ME_L1_2_16S_1_trimmed.fq.gz     FASTQ   DNA     737,582   90,503,191       34    122.7      123  123  123  123        0  123   96.92    93.1
RS1_ME_L1_2_16S_2_trimmed.fq.gz     FASTQ   DNA     737,582   87,989,423       23    119.3      121  121  121  121        0  121   96.75   92.86
RS1_ME_L1_3_16S_1_trimmed.fq.gz     FASTQ   DNA     448,075   54,909,864       29    122.5      123  122  123  123        0  123   96.98   93.26
RS1_ME_L1_3_16S_2_trimmed.fq.gz     FASTQ   DNA     448,075   53,452,784       22    119.3      121  121  121  121        0  121   96.27   91.99
RS1_ME_L1_4_16S_1_trimmed.fq.gz     FASTQ   DNA     251,448   30,825,272       34    122.6      123  123  123  123        0  123   97.09    93.6
RS1_ME_L1_4_16S_2_trimmed.fq.gz     FASTQ   DNA     251,448   29,996,218       22    119.3      121  121  121  121        0  121   96.01   91.56
RS1_ME_L1_5_16S_1_trimmed.fq.gz     FASTQ   DNA     328,567   40,252,066       58    122.5      123  122  123  123        0  123   96.84   92.84
RS1_ME_L1_5_16S_2_trimmed.fq.gz     FASTQ   DNA     328,567   39,176,301       22    119.2      121  121  121  121        0  121   96.13   91.78
RS1_ME_L1_WC_16S_1_trimmed.fq.gz    FASTQ   DNA       1,284      157,235       36    122.5      123  123  123  123        0  123   94.69   90.32
RS1_ME_L1_WC_16S_2_trimmed.fq.gz    FASTQ   DNA       1,284      152,937       24    119.1      121  121  121  121        0  121   93.45    88.3
RS1_ME_L2_1_16S_1_trimmed.fq.gz     FASTQ   DNA     326,372   40,033,900       34    122.7      123  123  123  123        0  123   97.18   93.54
RS1_ME_L2_1_16S_2_trimmed.fq.gz     FASTQ   DNA     326,372   38,929,921       24    119.3      121  121  121  121        0  121   95.98    91.5
RS1_ME_L2_2_16S_1_trimmed.fq.gz     FASTQ   DNA     274,569   33,698,050       58    122.7      123  123  123  123        0  123   97.22   93.41
RS1_ME_L2_2_16S_2_trimmed.fq.gz     FASTQ   DNA     274,569   32,755,106       24    119.3      121  121  121  121        0  121   96.74   92.79
RS1_ME_L2_3_16S_1_trimmed.fq.gz     FASTQ   DNA     425,343   52,169,601       58    122.7      123  123  123  123        0  123   97.13   93.54
RS1_ME_L2_3_16S_2_trimmed.fq.gz     FASTQ   DNA     425,343   50,743,816       24    119.3      121  121  121  121        0  121   96.37    92.1
RS1_ME_L2_4_16S_1_trimmed.fq.gz     FASTQ   DNA     409,350   50,150,846       58    122.5      123  122  123  123        0  123   97.13   93.48
RS1_ME_L2_4_16S_2_trimmed.fq.gz     FASTQ   DNA     409,350   48,851,495       22    119.3      121  121  121  121        0  121   96.18   91.91
RS1_ME_L2_5_16S_1_trimmed.fq.gz     FASTQ   DNA     343,086   42,052,768       34    122.6      123  123  123  123        0  123   96.93      93
RS1_ME_L2_5_16S_2_trimmed.fq.gz     FASTQ   DNA     343,086   40,942,782       24    119.3      121  121  121  121        0  121    96.5   92.28
RS1_ME_L2_WC_16S_1_trimmed.fq.gz    FASTQ   DNA       3,678      451,267       58    122.7      123  123  123  123        0  123   95.54   91.53
RS1_ME_L2_WC_16S_2_trimmed.fq.gz    FASTQ   DNA       3,678      439,171       24    119.4      121  121  121  121        0  121   94.39   89.51
RS1_ME_L3_1_16S_1_trimmed.fq.gz     FASTQ   DNA   1,030,972  126,559,918       34    122.8      123  123  123  123        0  123   97.42   94.08
RS1_ME_L3_1_16S_2_trimmed.fq.gz     FASTQ   DNA   1,030,972  122,990,773       22    119.3      121  121  121  121        0  121   96.68   92.65
RS1_ME_L3_2_16S_1_trimmed.fq.gz     FASTQ   DNA     869,025  106,550,308       48    122.6      123  123  123  123        0  123   97.16   93.64
RS1_ME_L3_2_16S_2_trimmed.fq.gz     FASTQ   DNA     869,025  103,675,721       22    119.3      121  121  121  121        0  121   96.54   92.39
RS1_ME_L3_3_16S_1_trimmed.fq.gz     FASTQ   DNA     820,361  100,670,094       34    122.7      123  123  123  123        0  123    97.5   94.12
RS1_ME_L3_3_16S_2_trimmed.fq.gz     FASTQ   DNA     820,361   97,859,764       22    119.3      121  121  121  121        0  121   96.94   93.08
RS1_ME_L3_4_16S_1_trimmed.fq.gz     FASTQ   DNA     703,003   86,287,525       39    122.7      123  123  123  123        0  123   97.37   93.97
RS1_ME_L3_4_16S_2_trimmed.fq.gz     FASTQ   DNA     703,003   83,829,374       22    119.2      121  121  121  121        0  121   96.43   92.27
RS1_ME_L3_5_16S_1_trimmed.fq.gz     FASTQ   DNA     992,684  121,773,062       34    122.7      123  123  123  123        0  123   97.22   93.69
RS1_ME_L3_5_16S_2_trimmed.fq.gz     FASTQ   DNA     992,684  118,380,351       22    119.3      121  121  121  121        0  121   96.81   92.84
RS1_ME_L3_WC_16S_1_trimmed.fq.gz    FASTQ   DNA       1,073      131,664       58    122.7      123  123  123  123        0  123   95.63   91.47
RS1_ME_L3_WC_16S_2_trimmed.fq.gz    FASTQ   DNA       1,073      128,150       24    119.4      121  121  121  121        0  121   95.07   90.75
RS1_ME_S1_1_16S_1_trimmed.fq.gz     FASTQ   DNA     717,317   88,086,344       34    122.8      123  123  123  123        0  123   97.89   94.85
RS1_ME_S1_1_16S_2_trimmed.fq.gz     FASTQ   DNA     717,317   85,572,027       21    119.3      121  121  121  121        0  121   97.01    93.2
RS1_ME_S1_2_16S_1_trimmed.fq.gz     FASTQ   DNA     990,138  121,582,893       34    122.8      123  123  123  123        0  123   97.81   94.66
RS1_ME_S1_2_16S_2_trimmed.fq.gz     FASTQ   DNA     990,138  118,137,563       24    119.3      121  121  121  121        0  121   96.46   92.19
RS1_ME_S1_3_16S_1_trimmed.fq.gz     FASTQ   DNA     962,362  118,164,482       34    122.8      123  123  123  123        0  123   97.66   94.41
RS1_ME_S1_3_16S_2_trimmed.fq.gz     FASTQ   DNA     962,362  114,782,881       24    119.3      121  121  121  121        0  121    96.3   91.89
RS1_ME_S1_4_16S_1_trimmed.fq.gz     FASTQ   DNA     926,724  113,807,543       34    122.8      123  123  123  123        0  123   97.66   94.16
RS1_ME_S1_4_16S_2_trimmed.fq.gz     FASTQ   DNA     926,724  110,568,786       21    119.3      121  121  121  121        0  121   96.68   92.68
RS1_ME_S1_5_16S_1_trimmed.fq.gz     FASTQ   DNA     509,719   62,589,373       39    122.8      123  123  123  123        0  123   97.63   94.36
RS1_ME_S1_5_16S_2_trimmed.fq.gz     FASTQ   DNA     509,719   60,831,200       22    119.3      121  121  121  121        0  121   95.94   91.21
RS1_ME_S1_WC_16S_1_trimmed.fq.gz    FASTQ   DNA       3,196      392,026       53    122.7      123  123  123  123        0  123   95.96   91.78
RS1_ME_S1_WC_16S_2_trimmed.fq.gz    FASTQ   DNA       3,196      380,349       24      119      121  121  121  121        0  121   94.77   89.96
RS1_ME_S2_1_16S_1_trimmed.fq.gz     FASTQ   DNA     957,384  117,540,909       34    122.8      123  123  123  123        0  123   96.98   93.41
RS1_ME_S2_1_16S_2_trimmed.fq.gz     FASTQ   DNA     957,384  114,211,558       22    119.3      121  121  121  121        0  121   96.14   91.66
RS1_ME_S2_2_16S_1_trimmed.fq.gz     FASTQ   DNA     857,800  105,246,925       44    122.7      123  123  123  123        0  123   97.12    93.7
RS1_ME_S2_2_16S_2_trimmed.fq.gz     FASTQ   DNA     857,800  102,341,194       22    119.3      121  121  121  121        0  121   96.49   92.29
RS1_ME_S2_3_16S_1_trimmed.fq.gz     FASTQ   DNA     806,319   98,976,814       30    122.8      123  123  123  123        0  123   97.08   93.67
RS1_ME_S2_3_16S_2_trimmed.fq.gz     FASTQ   DNA     806,319   96,194,764       22    119.3      121  121  121  121        0  121   96.44   92.05
RS1_ME_S2_4_16S_1_trimmed.fq.gz     FASTQ   DNA     965,049  118,456,129       34    122.7      123  123  123  123        0  123   97.02   93.55
RS1_ME_S2_4_16S_2_trimmed.fq.gz     FASTQ   DNA     965,049  115,126,712       22    119.3      121  121  121  121        0  121   96.28   91.85
RS1_ME_S2_5_16S_1_trimmed.fq.gz     FASTQ   DNA     783,508   96,100,396       34    122.7      123  123  123  123        0  123   97.46   94.16
RS1_ME_S2_5_16S_2_trimmed.fq.gz     FASTQ   DNA     783,508   93,486,126       21    119.3      121  121  121  121        0  121   96.38   92.08
RS1_ME_S2_WC_16S_1_trimmed.fq.gz    FASTQ   DNA       1,131      138,853       58    122.8      123  123  123  123        0  123   95.39   91.21
RS1_ME_S2_WC_16S_2_trimmed.fq.gz    FASTQ   DNA       1,131      135,084       24    119.4      121  121  121  121        0  121   94.36   89.35
RS1_ME_S3_1_16S_1_trimmed.fq.gz     FASTQ   DNA     584,909   71,825,182       34    122.8      123  123  123  123        0  123    97.4   93.89
RS1_ME_S3_1_16S_2_trimmed.fq.gz     FASTQ   DNA     584,909   69,793,861       24    119.3      121  121  121  121        0  121   97.56   94.28
RS1_ME_S3_2_16S_1_trimmed.fq.gz     FASTQ   DNA     504,478   61,944,973       34    122.8      123  123  123  123        0  123   97.37   93.85
RS1_ME_S3_2_16S_2_trimmed.fq.gz     FASTQ   DNA     504,478   60,200,752       24    119.3      121  121  121  121        0  121   97.68   94.43
RS1_ME_S3_3_16S_1_trimmed.fq.gz     FASTQ   DNA     694,757   85,300,534       33    122.8      123  123  123  123        0  123   97.46   93.92
RS1_ME_S3_3_16S_2_trimmed.fq.gz     FASTQ   DNA     694,757   82,869,038       21    119.3      121  121  121  121        0  121   97.44   94.04
RS1_ME_S3_4_16S_1_trimmed.fq.gz     FASTQ   DNA     681,046   83,633,036       24    122.8      123  123  123  123        0  123      98   95.09
RS1_ME_S3_4_16S_2_trimmed.fq.gz     FASTQ   DNA     681,046   81,247,530       22    119.3      121  121  121  121        0  121   96.74   92.89
RS1_ME_S3_5_16S_1_trimmed.fq.gz     FASTQ   DNA     550,347   67,582,660       34    122.8      123  123  123  123        0  123   96.95   93.07
RS1_ME_S3_5_16S_2_trimmed.fq.gz     FASTQ   DNA     550,347   65,650,502       20    119.3      121  121  121  121        0  121   97.78   94.76
RS1_ME_S3_WC_16S_1_trimmed.fq.gz    FASTQ   DNA       3,986      488,952       58    122.7      123  123  123  123        0  123   96.38    92.4
RS1_ME_S3_WC_16S_2_trimmed.fq.gz    FASTQ   DNA       3,986      475,582       24    119.3      121  121  121  121        0  121   95.62   91.24
RS1_ME_S4_1_16S_1_trimmed.fq.gz     FASTQ   DNA     734,982   90,245,064       33    122.8      123  123  123  123        0  123   96.73   93.07
RS1_ME_S4_1_16S_2_trimmed.fq.gz     FASTQ   DNA     734,982   87,694,372       24    119.3      121  121  121  121        0  121    96.6   92.57
RS1_ME_S4_1(2)_16S_1_trimmed.fq.gz  FASTQ   DNA     705,905   86,680,863       34    122.8      123  123  123  123        0  123   97.29   93.82
RS1_ME_S4_1(2)_16S_2_trimmed.fq.gz  FASTQ   DNA     705,905   84,214,355       22    119.3      121  121  121  121        0  121    96.8   92.93
RS1_ME_S4_2_16S_1_trimmed.fq.gz     FASTQ   DNA     640,021   78,576,209       34    122.8      123  123  123  123        0  123    97.5    94.1
RS1_ME_S4_2_16S_2_trimmed.fq.gz     FASTQ   DNA     640,021   76,362,124       24    119.3      121  121  121  121        0  121   96.93   93.13
RS1_ME_S4_3_16S_1_trimmed.fq.gz     FASTQ   DNA     761,027   93,349,298       45    122.7      123  123  123  123        0  123   97.31   93.82
RS1_ME_S4_3_16S_2_trimmed.fq.gz     FASTQ   DNA     761,027   90,800,270       21    119.3      121  121  121  121        0  121   96.49   92.37
RS1_ME_S4_4_16S_1_trimmed.fq.gz     FASTQ   DNA     669,081   82,150,010       48    122.8      123  123  123  123        0  123   97.06   93.48
RS1_ME_S4_4_16S_2_trimmed.fq.gz     FASTQ   DNA     669,081   79,832,247       22    119.3      121  121  121  121        0  121   96.41   92.24
RS1_ME_S4_5_16S_1_trimmed.fq.gz     FASTQ   DNA     897,147  110,124,594       34    122.7      123  123  123  123        0  123   97.29   93.74
RS1_ME_S4_5_16S_2_trimmed.fq.gz     FASTQ   DNA     897,147  107,063,578       24    119.3      121  121  121  121        0  121   96.51    92.4
RS1_ME_S4_WC_16S_1_trimmed.fq.gz    FASTQ   DNA       3,740      458,987       58    122.7      123  123  123  123        0  123   96.55   92.69
RS1_ME_S4_WC_16S_2_trimmed.fq.gz    FASTQ   DNA       3,740      443,847       24    118.7      121  120  121  121        0  121   82.46   72.76
