file                            format  type  num_seqs     sum_len  min_len  avg_len  max_len    Q1   Q2    Q3  sum_gap  N50  Q20(%)  Q30(%)
NTC1_16S.1.fq.gz                FASTQ   DNA         39       5,577      143      143      143  71.5  143  71.5        0  143   89.99   84.15
NTC1_16S.2.fq.gz                FASTQ   DNA         39       5,577      143      143      143  71.5  143  71.5        0  143   86.79   79.88
V10_CKI_BC_1_16S.1.fq.gz        FASTQ   DNA     19,598   2,802,514      143      143      143  71.5  143  71.5        0  143   96.26   92.38
V10_CKI_BC_1_16S.2.fq.gz        FASTQ   DNA     19,598   2,802,514      143      143      143  71.5  143  71.5        0  143   96.61    92.9
V10_CKI_BC_2_16S.1.fq.gz        FASTQ   DNA     25,296   3,617,328      143      143      143  71.5  143  71.5        0  143   96.52   92.66
V10_CKI_BC_2_16S.2.fq.gz        FASTQ   DNA     25,296   3,617,328      143      143      143  71.5  143  71.5        0  143   96.05   91.48
V10_CKI_BC_3_16S.1.fq.gz        FASTQ   DNA     32,838   4,695,834      143      143      143  71.5  143  71.5        0  143   97.11   93.51
V10_CKI_BC_3_16S.2.fq.gz        FASTQ   DNA     32,838   4,695,834      143      143      143  71.5  143  71.5        0  143   96.66   92.57
V10_CKI_BC_4_16S.1.fq.gz        FASTQ   DNA      2,311     330,473      143      143      143  71.5  143  71.5        0  143   96.12   92.13
V10_CKI_BC_4_16S.2.fq.gz        FASTQ   DNA      2,311     330,473      143      143      143  71.5  143  71.5        0  143   94.56   89.73
V10_CKI_BC_5_16S.1.fq.gz        FASTQ   DNA         65       9,295      143      143      143  71.5  143  71.5        0  143   94.23   89.52
V10_CKI_BC_5_16S.2.fq.gz        FASTQ   DNA         65       9,295      143      143      143  71.5  143  71.5        0  143   93.95   88.45
V10_CKI_EB_1_16S.1.fq.gz        FASTQ   DNA     11,006   1,573,858      143      143      143  71.5  143  71.5        0  143   96.56    92.7
V10_CKI_EB_1_16S.2.fq.gz        FASTQ   DNA     11,006   1,573,858      143      143      143  71.5  143  71.5        0  143   95.38   90.13
V10_CKI_EB_2_16S.1.fq.gz        FASTQ   DNA        871     124,553      143      143      143  71.5  143  71.5        0  143   93.52    88.7
V10_CKI_EB_2_16S.2.fq.gz        FASTQ   DNA        871     124,553      143      143      143  71.5  143  71.5        0  143   92.49   86.93
V10_CKI_EB_3_16S.1.fq.gz        FASTQ   DNA        804     114,972      143      143      143  71.5  143  71.5        0  143   94.52   90.11
V10_CKI_EB_3_16S.2.fq.gz        FASTQ   DNA        804     114,972      143      143      143  71.5  143  71.5        0  143   92.65   87.16
V10_CKI_EB_4_16S.1.fq.gz        FASTQ   DNA      1,024     146,432      143      143      143  71.5  143  71.5        0  143   94.58   89.67
V10_CKI_EB_4_16S.2.fq.gz        FASTQ   DNA      1,024     146,432      143      143      143  71.5  143  71.5        0  143   93.73   88.42
V10_CKI_N_10_1_16S.1.fq.gz      FASTQ   DNA    152,178  21,761,454      143      143      143  71.5  143  71.5        0  143   97.07   93.43
V10_CKI_N_10_1_16S.2.fq.gz      FASTQ   DNA    152,178  21,761,454      143      143      143  71.5  143  71.5        0  143   96.19   91.91
V10_CKI_N_10_2_16S.1.fq.gz      FASTQ   DNA     86,555  12,377,365      143      143      143  71.5  143  71.5        0  143   96.83    92.9
V10_CKI_N_10_2_16S.2.fq.gz      FASTQ   DNA     86,555  12,377,365      143      143      143  71.5  143  71.5        0  143   96.58   92.55
V10_CKI_N_10_3_16S.1.fq.gz      FASTQ   DNA    238,467  34,100,781      143      143      143  71.5  143  71.5        0  143   96.71   92.84
V10_CKI_N_10_3_16S.2.fq.gz      FASTQ   DNA    238,467  34,100,781      143      143      143  71.5  143  71.5        0  143   96.82   93.08
V10_CKI_N_10_4_16S.1.fq.gz      FASTQ   DNA    104,053  14,879,579      143      143      143  71.5  143  71.5        0  143   97.18   93.64
V10_CKI_N_10_4_16S.2.fq.gz      FASTQ   DNA    104,053  14,879,579      143      143      143  71.5  143  71.5        0  143   96.58   92.42
V10_CKI_N_10_5_16S.1.fq.gz      FASTQ   DNA    142,048  20,312,864      143      143      143  71.5  143  71.5        0  143      97    93.3
V10_CKI_N_10_5_16S.2.fq.gz      FASTQ   DNA    142,048  20,312,864      143      143      143  71.5  143  71.5        0  143   96.27    92.1
V10_CKI_N_10_DI_16S.1.fq.gz     FASTQ   DNA     18,556   2,653,508      143      143      143  71.5  143  71.5        0  143   95.97   91.27
V10_CKI_N_10_DI_16S.2.fq.gz     FASTQ   DNA     18,556   2,653,508      143      143      143  71.5  143  71.5        0  143   96.15   91.66
V10_CKI_N_10_WC_16S.1.fq.gz     FASTQ   DNA      2,232     319,176      143      143      143  71.5  143  71.5        0  143   95.35   91.09
V10_CKI_N_10_WC_16S.2.fq.gz     FASTQ   DNA      2,232     319,176      143      143      143  71.5  143  71.5        0  143   94.39   89.61
V10_CKI_N_11_1_16S.1.fq.gz      FASTQ   DNA    156,068  22,317,724      143      143      143  71.5  143  71.5        0  143   97.27   93.73
V10_CKI_N_11_1_16S.2.fq.gz      FASTQ   DNA    156,068  22,317,724      143      143      143  71.5  143  71.5        0  143   96.24   92.02
V10_CKI_N_1_1_16S.1.fq.gz       FASTQ   DNA     59,361   8,488,623      143      143      143  71.5  143  71.5        0  143   96.92   93.27
V10_CKI_N_1_1_16S.2.fq.gz       FASTQ   DNA     59,361   8,488,623      143      143      143  71.5  143  71.5        0  143   96.52   92.24
V10_CKI_N_11_2_16S.1.fq.gz      FASTQ   DNA    143,077  20,460,011      143      143      143  71.5  143  71.5        0  143    97.5   94.14
V10_CKI_N_11_2_16S.2.fq.gz      FASTQ   DNA    143,077  20,460,011      143      143      143  71.5  143  71.5        0  143   96.64   92.59
V10_CKI_N_11_3_16S.1.fq.gz      FASTQ   DNA     65,484   9,364,212      143      143      143  71.5  143  71.5        0  143   97.47   94.05
V10_CKI_N_11_3_16S.2.fq.gz      FASTQ   DNA     65,484   9,364,212      143      143      143  71.5  143  71.5        0  143   96.37   92.09
V10_CKI_N_11_4_16S.1.fq.gz      FASTQ   DNA    209,565  29,967,795      143      143      143  71.5  143  71.5        0  143   97.39   94.01
V10_CKI_N_11_4_16S.2.fq.gz      FASTQ   DNA    209,565  29,967,795      143      143      143  71.5  143  71.5        0  143   96.66   92.72
V10_CKI_N_11_5_16S.1.fq.gz      FASTQ   DNA    120,408  17,218,344      143      143      143  71.5  143  71.5        0  143   97.36    93.9
V10_CKI_N_11_5_16S.2.fq.gz      FASTQ   DNA    120,408  17,218,344      143      143      143  71.5  143  71.5        0  143   97.17   93.62
V10_CKI_N_11_DI_16S.1.fq.gz     FASTQ   DNA      1,252     179,036      143      143      143  71.5  143  71.5        0  143   95.44   91.08
V10_CKI_N_11_DI_16S.2.fq.gz     FASTQ   DNA      1,252     179,036      143      143      143  71.5  143  71.5        0  143   94.38   89.32
V10_CKI_N_11_WC_16S.1.fq.gz     FASTQ   DNA     15,652   2,238,236      143      143      143  71.5  143  71.5        0  143   96.77   92.91
V10_CKI_N_11_WC_16S.2.fq.gz     FASTQ   DNA     15,652   2,238,236      143      143      143  71.5  143  71.5        0  143   97.12   93.56
V10_CKI_N_12_1_16S.1.fq.gz      FASTQ   DNA    209,670  29,982,810      143      143      143  71.5  143  71.5        0  143    96.8   92.87
V10_CKI_N_12_1_16S.2.fq.gz      FASTQ   DNA    209,670  29,982,810      143      143      143  71.5  143  71.5        0  143   96.14   91.79
V10_CKI_N_1_2_16S.1.fq.gz       FASTQ   DNA    247,145  35,341,735      143      143      143  71.5  143  71.5        0  143   96.38   92.28
V10_CKI_N_1_2_16S.2.fq.gz       FASTQ   DNA    247,145  35,341,735      143      143      143  71.5  143  71.5        0  143   96.01   91.56
V10_CKI_N_12_2_16S.1.fq.gz      FASTQ   DNA    138,489  19,803,927      143      143      143  71.5  143  71.5        0  143   96.66   92.78
V10_CKI_N_12_2_16S.2.fq.gz      FASTQ   DNA    138,489  19,803,927      143      143      143  71.5  143  71.5        0  143   96.11   91.75
V10_CKI_N_12_3_16S.1.fq.gz      FASTQ   DNA    126,403  18,075,629      143      143      143  71.5  143  71.5        0  143   96.92   93.07
V10_CKI_N_12_3_16S.2.fq.gz      FASTQ   DNA    126,403  18,075,629      143      143      143  71.5  143  71.5        0  143   96.95   93.23
V10_CKI_N_12_4_16S.1.fq.gz      FASTQ   DNA     59,800   8,551,400      143      143      143  71.5  143  71.5        0  143   96.62    92.7
V10_CKI_N_12_4_16S.2.fq.gz      FASTQ   DNA     59,800   8,551,400      143      143      143  71.5  143  71.5        0  143   95.84   91.15
V10_CKI_N_12_5_16S.1.fq.gz      FASTQ   DNA    133,040  19,024,720      143      143      143  71.5  143  71.5        0  143   96.85   92.96
V10_CKI_N_12_5_16S.2.fq.gz      FASTQ   DNA    133,040  19,024,720      143      143      143  71.5  143  71.5        0  143   96.35   92.16
V10_CKI_N_12_DI_16S.1.fq.gz     FASTQ   DNA      1,806     258,258      143      143      143  71.5  143  71.5        0  143   95.63   91.59
V10_CKI_N_12_DI_16S.2.fq.gz     FASTQ   DNA      1,806     258,258      143      143      143  71.5  143  71.5        0  143    94.4   89.46
V10_CKI_N_12_WC_16S.1.fq.gz     FASTQ   DNA        941     134,563      143      143      143  71.5  143  71.5        0  143   96.27   92.31
V10_CKI_N_12_WC_16S.2.fq.gz     FASTQ   DNA        941     134,563      143      143      143  71.5  143  71.5        0  143   95.45   90.85
V10_CKI_N_13_1_16S.1.fq.gz      FASTQ   DNA    124,065  17,741,295      143      143      143  71.5  143  71.5        0  143   96.75   92.78
V10_CKI_N_13_1_16S.2.fq.gz      FASTQ   DNA    124,065  17,741,295      143      143      143  71.5  143  71.5        0  143   96.07   91.73
V10_CKI_N_1_3_16S.1.fq.gz       FASTQ   DNA    114,910  16,432,130      143      143      143  71.5  143  71.5        0  143   97.02   93.49
V10_CKI_N_1_3_16S.2.fq.gz       FASTQ   DNA    114,910  16,432,130      143      143      143  71.5  143  71.5        0  143   95.69      91
V10_CKI_N_13_2_16S.1.fq.gz      FASTQ   DNA    217,807  31,146,401      143      143      143  71.5  143  71.5        0  143   96.64   92.72
V10_CKI_N_13_2_16S.2.fq.gz      FASTQ   DNA    217,807  31,146,401      143      143      143  71.5  143  71.5        0  143   95.68   91.08
V10_CKI_N_13_3_16S.1.fq.gz      FASTQ   DNA    151,343  21,642,049      143      143      143  71.5  143  71.5        0  143   96.46   92.41
V10_CKI_N_13_3_16S.2.fq.gz      FASTQ   DNA    151,343  21,642,049      143      143      143  71.5  143  71.5        0  143   95.74   91.09
V10_CKI_N_13_4_16S.1.fq.gz      FASTQ   DNA    127,403  18,218,629      143      143      143  71.5  143  71.5        0  143   96.75   92.93
V10_CKI_N_13_4_16S.2.fq.gz      FASTQ   DNA    127,403  18,218,629      143      143      143  71.5  143  71.5        0  143   95.48   90.68
V10_CKI_N_13_5_16S.1.fq.gz      FASTQ   DNA     93,764  13,408,252      143      143      143  71.5  143  71.5        0  143    96.5   92.56
V10_CKI_N_13_5_16S.2.fq.gz      FASTQ   DNA     93,764  13,408,252      143      143      143  71.5  143  71.5        0  143   95.56   90.88
V10_CKI_N_13_DI_16S.1.fq.gz     FASTQ   DNA        559      79,937      143      143      143  71.5  143  71.5        0  143   94.35   89.43
V10_CKI_N_13_DI_16S.2.fq.gz     FASTQ   DNA        559      79,937      143      143      143  71.5  143  71.5        0  143   92.88   87.17
V10_CKI_N_13_WC_16S.1.fq.gz     FASTQ   DNA     18,670   2,669,810      143      143      143  71.5  143  71.5        0  143   96.81   92.99
V10_CKI_N_13_WC_16S.2.fq.gz     FASTQ   DNA     18,670   2,669,810      143      143      143  71.5  143  71.5        0  143    96.3   92.34
V10_CKI_N_14_1_16S.1.fq.gz      FASTQ   DNA    193,992  27,740,856      143      143      143  71.5  143  71.5        0  143   97.02   93.43
V10_CKI_N_14_1_16S.2.fq.gz      FASTQ   DNA    193,992  27,740,856      143      143      143  71.5  143  71.5        0  143   96.49   92.39
V10_CKI_N_1_4_16S.1.fq.gz       FASTQ   DNA    199,084  28,469,012      143      143      143  71.5  143  71.5        0  143    96.6   92.65
V10_CKI_N_1_4_16S.2.fq.gz       FASTQ   DNA    199,084  28,469,012      143      143      143  71.5  143  71.5        0  143   96.36   92.15
V10_CKI_N_14_2_16S.1.fq.gz      FASTQ   DNA    192,510  27,528,930      143      143      143  71.5  143  71.5        0  143   96.69   92.85
V10_CKI_N_14_2_16S.2.fq.gz      FASTQ   DNA    192,510  27,528,930      143      143      143  71.5  143  71.5        0  143   64.97   50.87
V10_CKI_N_14_3_16S.1.fq.gz      FASTQ   DNA    254,339  36,370,477      143      143      143  71.5  143  71.5        0  143   96.64   92.81
V10_CKI_N_14_3_16S.2.fq.gz      FASTQ   DNA    254,339  36,370,477      143      143      143  71.5  143  71.5        0  143   96.29   92.12
V10_CKI_N_14_4_16S.1.fq.gz      FASTQ   DNA    116,660  16,682,380      143      143      143  71.5  143  71.5        0  143   96.54   92.73
V10_CKI_N_14_4_16S.2.fq.gz      FASTQ   DNA    116,660  16,682,380      143      143      143  71.5  143  71.5        0  143   96.15   91.73
V10_CKI_N_14_5_16S.1.fq.gz      FASTQ   DNA    230,940  33,024,420      143      143      143  71.5  143  71.5        0  143   96.16   91.81
V10_CKI_N_14_5_16S.2.fq.gz      FASTQ   DNA    230,940  33,024,420      143      143      143  71.5  143  71.5        0  143   95.63   90.82
V10_CKI_N_14_DI_16S.1.fq.gz     FASTQ   DNA          5         715      143      143      143  71.5  143  71.5        0  143   73.43   62.66
V10_CKI_N_14_DI_16S.2.fq.gz     FASTQ   DNA          5         715      143      143      143  71.5  143  71.5        0  143   70.21   59.16
V10_CKI_N_14_WC_16S.1.fq.gz     FASTQ   DNA        169      24,167      143      143      143  71.5  143  71.5        0  143   93.67   88.82
V10_CKI_N_14_WC_16S.2.fq.gz     FASTQ   DNA        169      24,167      143      143      143  71.5  143  71.5        0  143   91.07   84.71
V10_CKI_N_1_5_16S.1.fq.gz       FASTQ   DNA    201,800  28,857,400      143      143      143  71.5  143  71.5        0  143   96.54   92.58
V10_CKI_N_1_5_16S.2.fq.gz       FASTQ   DNA    201,800  28,857,400      143      143      143  71.5  143  71.5        0  143   96.08   91.76
V10_CKI_N_1_DI_16S.1.fq.gz      FASTQ   DNA      3,995     571,285      143      143      143  71.5  143  71.5        0  143   95.44   90.93
V10_CKI_N_1_DI_16S.2.fq.gz      FASTQ   DNA      3,995     571,285      143      143      143  71.5  143  71.5        0  143   95.39   90.64
V10_CKI_N_1_WC_16S.1.fq.gz      FASTQ   DNA     14,429   2,063,347      143      143      143  71.5  143  71.5        0  143      96   91.53
V10_CKI_N_1_WC_16S.2.fq.gz      FASTQ   DNA     14,429   2,063,347      143      143      143  71.5  143  71.5        0  143   95.74   91.05
V10_CKI_N_2_1_16S.1.fq.gz       FASTQ   DNA    143,166  20,472,738      143      143      143  71.5  143  71.5        0  143   97.08   93.55
V10_CKI_N_2_1_16S.2.fq.gz       FASTQ   DNA    143,166  20,472,738      143      143      143  71.5  143  71.5        0  143    96.1    91.6
V10_CKI_N_2_2_16S.1.fq.gz       FASTQ   DNA     29,229   4,179,747      143      143      143  71.5  143  71.5        0  143   97.35   93.86
V10_CKI_N_2_2_16S.2.fq.gz       FASTQ   DNA     29,229   4,179,747      143      143      143  71.5  143  71.5        0  143   96.39   92.17
V10_CKI_N_2_3_16S.1.fq.gz       FASTQ   DNA     67,653   9,674,379      143      143      143  71.5  143  71.5        0  143   96.92   92.97
V10_CKI_N_2_3_16S.2.fq.gz       FASTQ   DNA     67,653   9,674,379      143      143      143  71.5  143  71.5        0  143   97.19   93.55
V10_CKI_N_2_4_16S.1.fq.gz       FASTQ   DNA     92,076  13,166,868      143      143      143  71.5  143  71.5        0  143   96.33   92.38
V10_CKI_N_2_4_16S.2.fq.gz       FASTQ   DNA     92,076  13,166,868      143      143      143  71.5  143  71.5        0  143   96.02    91.5
V10_CKI_N_2_5_16S.1.fq.gz       FASTQ   DNA    126,974  18,157,282      143      143      143  71.5  143  71.5        0  143   97.06   93.36
V10_CKI_N_2_5_16S.2.fq.gz       FASTQ   DNA    126,974  18,157,282      143      143      143  71.5  143  71.5        0  143   95.72   91.01
V10_CKI_N_2_DI_16S.1.fq.gz      FASTQ   DNA     11,747   1,679,821      143      143      143  71.5  143  71.5        0  143   96.34   91.82
V10_CKI_N_2_DI_16S.2.fq.gz      FASTQ   DNA     11,747   1,679,821      143      143      143  71.5  143  71.5        0  143   96.51   92.47
V10_CKI_N_2_WC_16S.1.fq.gz      FASTQ   DNA     19,866   2,840,838      143      143      143  71.5  143  71.5        0  143   96.23   92.16
V10_CKI_N_2_WC_16S.2.fq.gz      FASTQ   DNA     19,866   2,840,838      143      143      143  71.5  143  71.5        0  143   96.22      92
V10_CKI_N_3_1_16S.1.fq.gz       FASTQ   DNA     55,843   7,985,549      143      143      143  71.5  143  71.5        0  143   96.92   93.01
V10_CKI_N_3_1_16S.2.fq.gz       FASTQ   DNA     55,843   7,985,549      143      143      143  71.5  143  71.5        0  143   96.11   91.67
V10_CKI_N_3_2_16S.1.fq.gz       FASTQ   DNA     95,641  13,676,663      143      143      143  71.5  143  71.5        0  143   97.16   93.35
V10_CKI_N_3_2_16S.2.fq.gz       FASTQ   DNA     95,641  13,676,663      143      143      143  71.5  143  71.5        0  143   97.37   93.99
V10_CKI_N_3_3_16S.1.fq.gz       FASTQ   DNA     23,364   3,341,052      143      143      143  71.5  143  71.5        0  143   97.69   94.44
V10_CKI_N_3_3_16S.2.fq.gz       FASTQ   DNA     23,364   3,341,052      143      143      143  71.5  143  71.5        0  143   96.53      92
V10_CKI_N_3_4_16S.1.fq.gz       FASTQ   DNA    179,208  25,626,744      143      143      143  71.5  143  71.5        0  143   96.22   92.05
V10_CKI_N_3_4_16S.2.fq.gz       FASTQ   DNA    179,208  25,626,744      143      143      143  71.5  143  71.5        0  143    95.8   91.29
V10_CKI_N_3_5_16S.1.fq.gz       FASTQ   DNA    118,881  16,999,983      143      143      143  71.5  143  71.5        0  143    96.6   92.49
V10_CKI_N_3_5_16S.2.fq.gz       FASTQ   DNA    118,881  16,999,983      143      143      143  71.5  143  71.5        0  143   95.71   91.08
V10_CKI_N_3_DI_16S.1.fq.gz      FASTQ   DNA     33,106   4,734,158      143      143      143  71.5  143  71.5        0  143   95.92   91.55
V10_CKI_N_3_DI_16S.2.fq.gz      FASTQ   DNA     33,106   4,734,158      143      143      143  71.5  143  71.5        0  143   95.79   91.12
V10_CKI_N_3_WC_16S.1.fq.gz      FASTQ   DNA     70,759  10,118,537      143      143      143  71.5  143  71.5        0  143    96.2   91.96
V10_CKI_N_3_WC_16S.2.fq.gz      FASTQ   DNA     70,759  10,118,537      143      143      143  71.5  143  71.5        0  143    95.9   91.48
V10_CKI_N_4_1_16S.1.fq.gz       FASTQ   DNA     69,603   9,953,229      143      143      143  71.5  143  71.5        0  143    96.5   92.62
V10_CKI_N_4_1_16S.2.fq.gz       FASTQ   DNA     69,603   9,953,229      143      143      143  71.5  143  71.5        0  143   96.75    92.9
V10_CKI_N_4_2_16S.1.fq.gz       FASTQ   DNA     70,203  10,039,029      143      143      143  71.5  143  71.5        0  143   96.77   93.03
V10_CKI_N_4_2_16S.2.fq.gz       FASTQ   DNA     70,203  10,039,029      143      143      143  71.5  143  71.5        0  143   96.57   92.66
V10_CKI_N_4_3_16S.1.fq.gz       FASTQ   DNA    148,886  21,290,698      143      143      143  71.5  143  71.5        0  143   96.52   92.44
V10_CKI_N_4_3_16S.2.fq.gz       FASTQ   DNA    148,886  21,290,698      143      143      143  71.5  143  71.5        0  143   95.59   90.77
V10_CKI_N_4_4_16S.1.fq.gz       FASTQ   DNA     71,381  10,207,483      143      143      143  71.5  143  71.5        0  143   97.13   93.47
V10_CKI_N_4_4_16S.2.fq.gz       FASTQ   DNA     71,381  10,207,483      143      143      143  71.5  143  71.5        0  143   96.78   92.92
V10_CKI_N_4_5_16S.1.fq.gz       FASTQ   DNA    119,109  17,032,587      143      143      143  71.5  143  71.5        0  143   97.28   93.82
V10_CKI_N_4_5_16S.2.fq.gz       FASTQ   DNA    119,109  17,032,587      143      143      143  71.5  143  71.5        0  143   96.87   92.93
V10_CKI_N_4_DI_16S.1.fq.gz      FASTQ   DNA     37,680   5,388,240      143      143      143  71.5  143  71.5        0  143   96.99   93.18
V10_CKI_N_4_DI_16S.2.fq.gz      FASTQ   DNA     37,680   5,388,240      143      143      143  71.5  143  71.5        0  143    96.8   92.98
V10_CKI_N_4_WC_16S.1.fq.gz      FASTQ   DNA      1,104     157,872      143      143      143  71.5  143  71.5        0  143   95.14   90.81
V10_CKI_N_4_WC_16S.2.fq.gz      FASTQ   DNA      1,104     157,872      143      143      143  71.5  143  71.5        0  143   93.44    88.2
V10_CKI_N_5_1_16S.1.fq.gz       FASTQ   DNA     69,009   9,868,287      143      143      143  71.5  143  71.5        0  143   97.23   93.83
V10_CKI_N_5_1_16S.2.fq.gz       FASTQ   DNA     69,009   9,868,287      143      143      143  71.5  143  71.5        0  143   95.97   91.38
V10_CKI_N_5_2_16S.1.fq.gz       FASTQ   DNA     71,573  10,234,939      143      143      143  71.5  143  71.5        0  143   96.59   92.66
V10_CKI_N_5_2_16S.2.fq.gz       FASTQ   DNA     71,573  10,234,939      143      143      143  71.5  143  71.5        0  143      96   91.59
V10_CKI_N_5_3_16S.1.fq.gz       FASTQ   DNA     52,351   7,486,193      143      143      143  71.5  143  71.5        0  143   95.94   91.56
V10_CKI_N_5_3_16S.2.fq.gz       FASTQ   DNA     52,351   7,486,193      143      143      143  71.5  143  71.5        0  143   96.16   91.76
V10_CKI_N_5_4_16S.1.fq.gz       FASTQ   DNA    155,713  22,266,959      143      143      143  71.5  143  71.5        0  143   96.58    92.7
V10_CKI_N_5_4_16S.2.fq.gz       FASTQ   DNA    155,713  22,266,959      143      143      143  71.5  143  71.5        0  143   95.83   91.33
V10_CKI_N_5_5_16S.1.fq.gz       FASTQ   DNA     87,728  12,545,104      143      143      143  71.5  143  71.5        0  143    96.7   92.84
V10_CKI_N_5_5_16S.2.fq.gz       FASTQ   DNA     87,728  12,545,104      143      143      143  71.5  143  71.5        0  143   96.51   92.46
V10_CKI_N_5_DI_16S.1.fq.gz      FASTQ   DNA      4,347     621,621      143      143      143  71.5  143  71.5        0  143   96.64   92.81
V10_CKI_N_5_DI_16S.2.fq.gz      FASTQ   DNA      4,347     621,621      143      143      143  71.5  143  71.5        0  143   95.94   91.48
V10_CKI_N_5_WC_16S.1.fq.gz      FASTQ   DNA     21,420   3,063,060      143      143      143  71.5  143  71.5        0  143   96.03   91.42
V10_CKI_N_5_WC_16S.2.fq.gz      FASTQ   DNA     21,420   3,063,060      143      143      143  71.5  143  71.5        0  143   96.24   91.98
V10_CKI_N_6_1_16S.1.fq.gz       FASTQ   DNA     50,360   7,201,480      143      143      143  71.5  143  71.5        0  143   98.14    95.3
V10_CKI_N_6_1_16S.2.fq.gz       FASTQ   DNA     50,360   7,201,480      143      143      143  71.5  143  71.5        0  143   96.37   91.71
V10_CKI_N_6_2_16S.1.fq.gz       FASTQ   DNA     84,151  12,033,593      143      143      143  71.5  143  71.5        0  143   97.13   93.44
V10_CKI_N_6_2_16S.2.fq.gz       FASTQ   DNA     84,151  12,033,593      143      143      143  71.5  143  71.5        0  143   95.92   91.39
V10_CKI_N_6_3_16S.1.fq.gz       FASTQ   DNA    110,489  15,799,927      143      143      143  71.5  143  71.5        0  143   97.33   93.97
V10_CKI_N_6_3_16S.2.fq.gz       FASTQ   DNA    110,489  15,799,927      143      143      143  71.5  143  71.5        0  143   97.37   93.92
V10_CKI_N_6_4_16S.1.fq.gz       FASTQ   DNA     63,041   9,014,863      143      143      143  71.5  143  71.5        0  143    97.2   93.66
V10_CKI_N_6_4_16S.2.fq.gz       FASTQ   DNA     63,041   9,014,863      143      143      143  71.5  143  71.5        0  143   96.81    92.9
V10_CKI_N_6_5_16S.1.fq.gz       FASTQ   DNA    182,215  26,056,745      143      143      143  71.5  143  71.5        0  143   97.13   93.52
V10_CKI_N_6_5_16S.2.fq.gz       FASTQ   DNA    182,215  26,056,745      143      143      143  71.5  143  71.5        0  143   96.29   92.04
V10_CKI_N_6_DI_16S.1.fq.gz      FASTQ   DNA     26,107   3,733,301      143      143      143  71.5  143  71.5        0  143   96.98   93.65
V10_CKI_N_6_DI_16S.2.fq.gz      FASTQ   DNA     26,107   3,733,301      143      143      143  71.5  143  71.5        0  143    96.4   92.19
V10_CKI_N_6_WC_16S.1.fq.gz      FASTQ   DNA        466      66,638      143      143      143  71.5  143  71.5        0  143   95.32   91.24
V10_CKI_N_6_WC_16S.2.fq.gz      FASTQ   DNA        466      66,638      143      143      143  71.5  143  71.5        0  143   94.22   89.08
V10_CKI_N_7_1_16S.1.fq.gz       FASTQ   DNA    144,022  20,595,146      143      143      143  71.5  143  71.5        0  143   97.09   93.51
V10_CKI_N_7_1_16S.2.fq.gz       FASTQ   DNA    144,022  20,595,146      143      143      143  71.5  143  71.5        0  143   97.06   93.47
V10_CKI_N_7_2_16S.1.fq.gz       FASTQ   DNA    107,690  15,399,670      143      143      143  71.5  143  71.5        0  143   97.17   93.44
V10_CKI_N_7_2_16S.2.fq.gz       FASTQ   DNA    107,690  15,399,670      143      143      143  71.5  143  71.5        0  143    96.7   92.71
V10_CKI_N_7_3_16S.1.fq.gz       FASTQ   DNA    157,265  22,488,895      143      143      143  71.5  143  71.5        0  143   96.43   92.39
V10_CKI_N_7_3_16S.2.fq.gz       FASTQ   DNA    157,265  22,488,895      143      143      143  71.5  143  71.5        0  143   97.16    93.5
V10_CKI_N_7_4_16S.1.fq.gz       FASTQ   DNA    102,946  14,721,278      143      143      143  71.5  143  71.5        0  143   97.16   93.35
V10_CKI_N_7_4_16S.2.fq.gz       FASTQ   DNA    102,946  14,721,278      143      143      143  71.5  143  71.5        0  143   97.05   93.31
V10_CKI_N_7_5_16S.1.fq.gz       FASTQ   DNA     98,692  14,112,956      143      143      143  71.5  143  71.5        0  143   97.58   94.27
V10_CKI_N_7_5_16S.2.fq.gz       FASTQ   DNA     98,692  14,112,956      143      143      143  71.5  143  71.5        0  143   96.72   92.83
V10_CKI_N_7_DI_16S.1.fq.gz      FASTQ   DNA     25,846   3,695,978      143      143      143  71.5  143  71.5        0  143   96.52   92.45
V10_CKI_N_7_DI_16S.2.fq.gz      FASTQ   DNA     25,846   3,695,978      143      143      143  71.5  143  71.5        0  143   96.24   92.12
V10_CKI_N_7_WC_16S.1.fq.gz      FASTQ   DNA        281      40,183      143      143      143  71.5  143  71.5        0  143   93.17   87.81
V10_CKI_N_7_WC_16S.2.fq.gz      FASTQ   DNA        281      40,183      143      143      143  71.5  143  71.5        0  143   92.07   86.29
V10_CKI_N_8_1_16S.1.fq.gz       FASTQ   DNA    131,163  18,756,309      143      143      143  71.5  143  71.5        0  143   96.99   93.27
V10_CKI_N_8_1_16S.2.fq.gz       FASTQ   DNA    131,163  18,756,309      143      143      143  71.5  143  71.5        0  143   96.95   93.18
V10_CKI_N_8_2_16S.1.fq.gz       FASTQ   DNA    103,061  14,737,723      143      143      143  71.5  143  71.5        0  143   96.75   93.01
V10_CKI_N_8_2_16S.2.fq.gz       FASTQ   DNA    103,061  14,737,723      143      143      143  71.5  143  71.5        0  143   96.35   92.12
V10_CKI_N_8_3_16S.1.fq.gz       FASTQ   DNA    122,500  17,517,500      143      143      143  71.5  143  71.5        0  143   97.23   93.74
V10_CKI_N_8_3_16S.2.fq.gz       FASTQ   DNA    122,500  17,517,500      143      143      143  71.5  143  71.5        0  143   95.91   91.32
V10_CKI_N_8_4_16S.1.fq.gz       FASTQ   DNA    128,770  18,414,110      143      143      143  71.5  143  71.5        0  143   97.34    93.8
V10_CKI_N_8_4_16S.2.fq.gz       FASTQ   DNA    128,770  18,414,110      143      143      143  71.5  143  71.5        0  143   96.32   91.96
V10_CKI_N_8_5_16S.1.fq.gz       FASTQ   DNA    159,779  22,848,397      143      143      143  71.5  143  71.5        0  143    97.1   93.42
V10_CKI_N_8_5_16S.2.fq.gz       FASTQ   DNA    159,779  22,848,397      143      143      143  71.5  143  71.5        0  143   96.21   91.96
V10_CKI_N_8_DI_16S.1.fq.gz      FASTQ   DNA        572      81,796      143      143      143  71.5  143  71.5        0  143   94.89   90.67
V10_CKI_N_8_DI_16S.2.fq.gz      FASTQ   DNA        572      81,796      143      143      143  71.5  143  71.5        0  143   92.62   87.03
V10_CKI_N_8_WC_16S.1.fq.gz      FASTQ   DNA     13,071   1,869,153      143      143      143  71.5  143  71.5        0  143   97.14    93.6
V10_CKI_N_8_WC_16S.2.fq.gz      FASTQ   DNA     13,071   1,869,153      143      143      143  71.5  143  71.5        0  143   96.63   92.64
V10_CKI_N_9_1_16S.1.fq.gz       FASTQ   DNA    218,266  31,212,038      143      143      143  71.5  143  71.5        0  143   96.94   93.21
V10_CKI_N_9_1_16S.2.fq.gz       FASTQ   DNA    218,266  31,212,038      143      143      143  71.5  143  71.5        0  143   95.97   91.56
V10_CKI_N_9_2_16S.1.fq.gz       FASTQ   DNA     93,217  13,330,031      143      143      143  71.5  143  71.5        0  143   97.04   93.29
V10_CKI_N_9_2_16S.2.fq.gz       FASTQ   DNA     93,217  13,330,031      143      143      143  71.5  143  71.5        0  143   96.83   92.94
V10_CKI_N_9_3_16S.1.fq.gz       FASTQ   DNA    115,447  16,508,921      143      143      143  71.5  143  71.5        0  143   96.28   92.06
V10_CKI_N_9_3_16S.2.fq.gz       FASTQ   DNA    115,447  16,508,921      143      143      143  71.5  143  71.5        0  143   95.84   91.21
V10_CKI_N_9_4_16S.1.fq.gz       FASTQ   DNA    117,433  16,792,919      143      143      143  71.5  143  71.5        0  143   96.84   92.91
V10_CKI_N_9_4_16S.2.fq.gz       FASTQ   DNA    117,433  16,792,919      143      143      143  71.5  143  71.5        0  143   96.74   92.72
V10_CKI_N_9_5_16S.1.fq.gz       FASTQ   DNA    105,203  15,044,029      143      143      143  71.5  143  71.5        0  143   96.68   92.69
V10_CKI_N_9_5_16S.2.fq.gz       FASTQ   DNA    105,203  15,044,029      143      143      143  71.5  143  71.5        0  143   95.75   91.07
V10_CKI_N_9_DI_16S.1.fq.gz      FASTQ   DNA     11,138   1,592,734      143      143      143  71.5  143  71.5        0  143   95.83   91.46
V10_CKI_N_9_DI_16S.2.fq.gz      FASTQ   DNA     11,138   1,592,734      143      143      143  71.5  143  71.5        0  143   97.18   93.71
V10_CKI_N_9_WC_16S.1.fq.gz      FASTQ   DNA     30,238   4,324,034      143      143      143  71.5  143  71.5        0  143   96.46   92.33
V10_CKI_N_9_WC_16S.2.fq.gz      FASTQ   DNA     30,238   4,324,034      143      143      143  71.5  143  71.5        0  143    97.2   93.59
V10_CKI_N_H_12_DI_16S.1.fq.gz   FASTQ   DNA      7,901   1,129,843      143      143      143  71.5  143  71.5        0  143   96.58   92.96
V10_CKI_N_H_12_DI_16S.2.fq.gz   FASTQ   DNA      7,901   1,129,843      143      143      143  71.5  143  71.5        0  143   96.28   92.16
V10_CKI_N_H_12_WC_16S.1.fq.gz   FASTQ   DNA      8,341   1,192,763      143      143      143  71.5  143  71.5        0  143   96.73   92.84
V10_CKI_N_H_12_WC_16S.2.fq.gz   FASTQ   DNA      8,341   1,192,763      143      143      143  71.5  143  71.5        0  143   96.48   92.35
V10_CKI_N_H_2_12_1_16S.1.fq.gz  FASTQ   DNA    131,518  18,807,074      143      143      143  71.5  143  71.5        0  143   97.23   93.72
V10_CKI_N_H_2_12_1_16S.2.fq.gz  FASTQ   DNA    131,518  18,807,074      143      143      143  71.5  143  71.5        0  143   97.21   93.54
V10_CKI_N_H_2_12_2_16S.1.fq.gz  FASTQ   DNA     33,896   4,847,128      143      143      143  71.5  143  71.5        0  143   97.48   94.06
V10_CKI_N_H_2_12_2_16S.2.fq.gz  FASTQ   DNA     33,896   4,847,128      143      143      143  71.5  143  71.5        0  143   96.74    92.8
V10_CKI_N_H_2_12_3_16S.1.fq.gz  FASTQ   DNA    145,771  20,845,253      143      143      143  71.5  143  71.5        0  143   97.29   93.77
V10_CKI_N_H_2_12_3_16S.2.fq.gz  FASTQ   DNA    145,771  20,845,253      143      143      143  71.5  143  71.5        0  143   96.54   92.44
V10_CKI_N_H_2_3_1_16S.1.fq.gz   FASTQ   DNA    140,770  20,130,110      143      143      143  71.5  143  71.5        0  143   96.04   91.87
V10_CKI_N_H_2_3_1_16S.2.fq.gz   FASTQ   DNA    140,770  20,130,110      143      143      143  71.5  143  71.5        0  143   95.81   91.26
V10_CKI_N_H_2_3_2_16S.1.fq.gz   FASTQ   DNA    180,863  25,863,409      143      143      143  71.5  143  71.5        0  143   96.86   93.01
V10_CKI_N_H_2_3_2_16S.2.fq.gz   FASTQ   DNA    180,863  25,863,409      143      143      143  71.5  143  71.5        0  143   95.84   91.14
V10_CKI_N_H_2_3_3_16S.1.fq.gz   FASTQ   DNA    157,988  22,592,284      143      143      143  71.5  143  71.5        0  143   96.81   92.92
V10_CKI_N_H_2_3_3_16S.2.fq.gz   FASTQ   DNA    157,988  22,592,284      143      143      143  71.5  143  71.5        0  143   96.57   92.61
V10_CKI_N_H_3_DI_16S.1.fq.gz    FASTQ   DNA     45,777   6,546,111      143      143      143  71.5  143  71.5        0  143   96.58    92.5
V10_CKI_N_H_3_DI_16S.2.fq.gz    FASTQ   DNA     45,777   6,546,111      143      143      143  71.5  143  71.5        0  143   96.51   92.48
V10_CKI_N_H_3_WC_16S.1.fq.gz    FASTQ   DNA     45,828   6,553,404      143      143      143  71.5  143  71.5        0  143   96.42   92.23
V10_CKI_N_H_3_WC_16S.2.fq.gz    FASTQ   DNA     45,828   6,553,404      143      143      143  71.5  143  71.5        0  143   96.48   92.41
V10_CKI_N_H_4_3_1_16S.1.fq.gz   FASTQ   DNA     95,485  13,654,355      143      143      143  71.5  143  71.5        0  143   96.66   92.94
V10_CKI_N_H_4_3_1_16S.2.fq.gz   FASTQ   DNA     95,485  13,654,355      143      143      143  71.5  143  71.5        0  143   96.98   93.28
V10_CKI_N_H_4_3_2_16S.1.fq.gz   FASTQ   DNA     77,312  11,055,616      143      143      143  71.5  143  71.5        0  143   96.57   92.61
V10_CKI_N_H_4_3_2_16S.2.fq.gz   FASTQ   DNA     77,312  11,055,616      143      143      143  71.5  143  71.5        0  143   95.55   90.78
V10_CKI_N_H_4_3_3_16S.1.fq.gz   FASTQ   DNA    229,502  32,818,786      143      143      143  71.5  143  71.5        0  143   96.56   92.65
V10_CKI_N_H_4_3_3_16S.2.fq.gz   FASTQ   DNA    229,502  32,818,786      143      143      143  71.5  143  71.5        0  143   95.88   91.53
V10_CKI_N_H_5_12_1_16S.1.fq.gz  FASTQ   DNA    190,084  27,182,012      143      143      143  71.5  143  71.5        0  143   96.97   93.27
V10_CKI_N_H_5_12_1_16S.2.fq.gz  FASTQ   DNA    190,084  27,182,012      143      143      143  71.5  143  71.5        0  143   97.16   93.52
V10_CKI_N_H_5_12_2_16S.1.fq.gz  FASTQ   DNA    170,081  24,321,583      143      143      143  71.5  143  71.5        0  143   96.99   93.22
V10_CKI_N_H_5_12_2_16S.2.fq.gz  FASTQ   DNA    170,081  24,321,583      143      143      143  71.5  143  71.5        0  143    96.7   92.55
V10_CKI_N_H_5_12_3_16S.1.fq.gz  FASTQ   DNA    160,044  22,886,292      143      143      143  71.5  143  71.5        0  143   97.53   94.14
V10_CKI_N_H_5_12_3_16S.2.fq.gz  FASTQ   DNA    160,044  22,886,292      143      143      143  71.5  143  71.5        0  143    96.7   92.69
V10_CKI_U_10_1_16S.1.fq.gz      FASTQ   DNA     58,843   8,414,549      143      143      143  71.5  143  71.5        0  143   97.18   93.72
V10_CKI_U_10_1_16S.2.fq.gz      FASTQ   DNA     58,843   8,414,549      143      143      143  71.5  143  71.5        0  143   96.26   92.09
V10_CKI_U_10_2_16S.1.fq.gz      FASTQ   DNA    221,437  31,665,491      143      143      143  71.5  143  71.5        0  143   96.74   92.59
V10_CKI_U_10_2_16S.2.fq.gz      FASTQ   DNA    221,437  31,665,491      143      143      143  71.5  143  71.5        0  143   96.06   91.67
V10_CKI_U_10_3_16S.1.fq.gz      FASTQ   DNA    129,726  18,550,818      143      143      143  71.5  143  71.5        0  143   96.96    93.2
V10_CKI_U_10_3_16S.2.fq.gz      FASTQ   DNA    129,726  18,550,818      143      143      143  71.5  143  71.5        0  143   96.73   92.85
V10_CKI_U_10_4_16S.1.fq.gz      FASTQ   DNA    251,188  35,919,884      143      143      143  71.5  143  71.5        0  143   97.04   93.38
V10_CKI_U_10_4_16S.2.fq.gz      FASTQ   DNA    251,188  35,919,884      143      143      143  71.5  143  71.5        0  143   96.39   92.28
V10_CKI_U_10_5_16S.1.fq.gz      FASTQ   DNA    210,814  30,146,402      143      143      143  71.5  143  71.5        0  143   96.68    92.9
V10_CKI_U_10_5_16S.2.fq.gz      FASTQ   DNA    210,814  30,146,402      143      143      143  71.5  143  71.5        0  143   95.96   91.66
V10_CKI_U_10_DI_16S.1.fq.gz     FASTQ   DNA      9,914   1,417,702      143      143      143  71.5  143  71.5        0  143   95.86   91.46
V10_CKI_U_10_DI_16S.2.fq.gz     FASTQ   DNA      9,914   1,417,702      143      143      143  71.5  143  71.5        0  143   95.37   90.55
V10_CKI_U_10_WC_16S.1.fq.gz     FASTQ   DNA     40,440   5,782,920      143      143      143  71.5  143  71.5        0  143   96.41   92.58
V10_CKI_U_10_WC_16S.2.fq.gz     FASTQ   DNA     40,440   5,782,920      143      143      143  71.5  143  71.5        0  143   96.62   92.55
V10_CKI_U_11_1_16S.1.fq.gz      FASTQ   DNA    153,004  21,879,572      143      143      143  71.5  143  71.5        0  143   96.77      93
V10_CKI_U_11_1_16S.2.fq.gz      FASTQ   DNA    153,004  21,879,572      143      143      143  71.5  143  71.5        0  143   96.47   92.42
V10_CKI_U_1_1_16S.1.fq.gz       FASTQ   DNA    152,562  21,816,366      143      143      143  71.5  143  71.5        0  143   96.68   92.77
V10_CKI_U_1_1_16S.2.fq.gz       FASTQ   DNA    152,562  21,816,366      143      143      143  71.5  143  71.5        0  143   96.24   91.89
V10_CKI_U_11_2_16S.1.fq.gz      FASTQ   DNA     70,413  10,069,059      143      143      143  71.5  143  71.5        0  143   96.91   93.15
V10_CKI_U_11_2_16S.2.fq.gz      FASTQ   DNA     70,413  10,069,059      143      143      143  71.5  143  71.5        0  143   96.47   92.42
V10_CKI_U_11_3_16S.1.fq.gz      FASTQ   DNA    203,276  29,068,468      143      143      143  71.5  143  71.5        0  143   96.82   93.02
V10_CKI_U_11_3_16S.2.fq.gz      FASTQ   DNA    203,276  29,068,468      143      143      143  71.5  143  71.5        0  143   96.36   92.32
V10_CKI_U_11_4_16S.1.fq.gz      FASTQ   DNA    149,881  21,432,983      143      143      143  71.5  143  71.5        0  143   97.05   93.41
V10_CKI_U_11_4_16S.2.fq.gz      FASTQ   DNA    149,881  21,432,983      143      143      143  71.5  143  71.5        0  143   96.65   92.67
V10_CKI_U_11_5_16S.1.fq.gz      FASTQ   DNA    246,203  35,207,029      143      143      143  71.5  143  71.5        0  143   97.11   93.55
V10_CKI_U_11_5_16S.2.fq.gz      FASTQ   DNA    246,203  35,207,029      143      143      143  71.5  143  71.5        0  143   95.98   91.63
V10_CKI_U_11_DI_16S.1.fq.gz     FASTQ   DNA      2,366     338,338      143      143      143  71.5  143  71.5        0  143   95.95   91.94
V10_CKI_U_11_DI_16S.2.fq.gz     FASTQ   DNA      2,366     338,338      143      143      143  71.5  143  71.5        0  143   94.01   88.76
V10_CKI_U_11_WC_16S.1.fq.gz     FASTQ   DNA     28,094   4,017,442      143      143      143  71.5  143  71.5        0  143   97.09   93.29
V10_CKI_U_11_WC_16S.2.fq.gz     FASTQ   DNA     28,094   4,017,442      143      143      143  71.5  143  71.5        0  143   96.69   92.79
V10_CKI_U_1_2_16S.1.fq.gz       FASTQ   DNA     44,466   6,358,638      143      143      143  71.5  143  71.5        0  143   97.39   93.94
V10_CKI_U_1_2_16S.2.fq.gz       FASTQ   DNA     44,466   6,358,638      143      143      143  71.5  143  71.5        0  143   96.99   93.34
V10_CKI_U_13_1_16S.1.fq.gz      FASTQ   DNA    138,355  19,784,765      143      143      143  71.5  143  71.5        0  143   95.85   91.48
V10_CKI_U_13_1_16S.2.fq.gz      FASTQ   DNA    138,355  19,784,765      143      143      143  71.5  143  71.5        0  143   96.23   91.82
V10_CKI_U_1_3_16S.1.fq.gz       FASTQ   DNA    113,645  16,251,235      143      143      143  71.5  143  71.5        0  143   96.77   92.83
V10_CKI_U_1_3_16S.2.fq.gz       FASTQ   DNA    113,645  16,251,235      143      143      143  71.5  143  71.5        0  143   96.81   92.84
V10_CKI_U_13_2_16S.1.fq.gz      FASTQ   DNA    136,537  19,524,791      143      143      143  71.5  143  71.5        0  143   95.94   91.58
V10_CKI_U_13_2_16S.2.fq.gz      FASTQ   DNA    136,537  19,524,791      143      143      143  71.5  143  71.5        0  143   96.06   91.53
V10_CKI_U_13_3_16S.1.fq.gz      FASTQ   DNA    137,441  19,654,063      143      143      143  71.5  143  71.5        0  143   95.76   91.29
V10_CKI_U_13_3_16S.2.fq.gz      FASTQ   DNA    137,441  19,654,063      143      143      143  71.5  143  71.5        0  143   96.35   91.98
V10_CKI_U_13_4_16S.1.fq.gz      FASTQ   DNA     48,883   6,990,269      143      143      143  71.5  143  71.5        0  143   95.38   90.76
V10_CKI_U_13_4_16S.2.fq.gz      FASTQ   DNA     48,883   6,990,269      143      143      143  71.5  143  71.5        0  143   96.25   91.78
V10_CKI_U_13_5_16S.1.fq.gz      FASTQ   DNA    133,661  19,113,523      143      143      143  71.5  143  71.5        0  143   95.71   91.35
V10_CKI_U_13_5_16S.2.fq.gz      FASTQ   DNA    133,661  19,113,523      143      143      143  71.5  143  71.5        0  143   95.99   91.45
V10_CKI_U_13_DI_16S.1.fq.gz     FASTQ   DNA     29,445   4,210,635      143      143      143  71.5  143  71.5        0  143   96.02   91.85
V10_CKI_U_13_DI_16S.2.fq.gz     FASTQ   DNA     29,445   4,210,635      143      143      143  71.5  143  71.5        0  143   96.64    92.7
V10_CKI_U_13_WC_16S.1.fq.gz     FASTQ   DNA      4,944     706,992      143      143      143  71.5  143  71.5        0  143   97.04   93.53
V10_CKI_U_13_WC_16S.2.fq.gz     FASTQ   DNA      4,944     706,992      143      143      143  71.5  143  71.5        0  143   97.55   94.17
V10_CKI_U_14_1_16S.1.fq.gz      FASTQ   DNA    118,701  16,974,243      143      143      143  71.5  143  71.5        0  143   95.52   90.91
V10_CKI_U_14_1_16S.2.fq.gz      FASTQ   DNA    118,701  16,974,243      143      143      143  71.5  143  71.5        0  143   66.51   52.25
V10_CKI_U_1_4_16S.1.fq.gz       FASTQ   DNA     10,936   1,563,848      143      143      143  71.5  143  71.5        0  143   97.37   93.91
V10_CKI_U_1_4_16S.2.fq.gz       FASTQ   DNA     10,936   1,563,848      143      143      143  71.5  143  71.5        0  143   96.25   91.66
V10_CKI_U_14_2_16S.1.fq.gz      FASTQ   DNA     13,161   1,882,023      143      143      143  71.5  143  71.5        0  143   97.48   94.13
V10_CKI_U_14_2_16S.2.fq.gz      FASTQ   DNA     13,161   1,882,023      143      143      143  71.5  143  71.5        0  143   96.77   92.57
V10_CKI_U_14_3_16S.1.fq.gz      FASTQ   DNA     77,464  11,077,352      143      143      143  71.5  143  71.5        0  143   96.84   92.93
V10_CKI_U_14_3_16S.2.fq.gz      FASTQ   DNA     77,464  11,077,352      143      143      143  71.5  143  71.5        0  143   96.61   92.45
V10_CKI_U_14_4_16S.1.fq.gz      FASTQ   DNA    117,038  16,736,434      143      143      143  71.5  143  71.5        0  143   97.05   93.37
V10_CKI_U_14_4_16S.2.fq.gz      FASTQ   DNA    117,038  16,736,434      143      143      143  71.5  143  71.5        0  143   96.88   93.07
V10_CKI_U_14_5_16S.1.fq.gz      FASTQ   DNA    113,167  16,182,881      143      143      143  71.5  143  71.5        0  143   96.24    91.9
V10_CKI_U_14_5_16S.2.fq.gz      FASTQ   DNA    113,167  16,182,881      143      143      143  71.5  143  71.5        0  143   96.55   92.34
V10_CKI_U_14_DI_16S.1.fq.gz     FASTQ   DNA     12,636   1,806,948      143      143      143  71.5  143  71.5        0  143   96.84   92.77
V10_CKI_U_14_DI_16S.2.fq.gz     FASTQ   DNA     12,636   1,806,948      143      143      143  71.5  143  71.5        0  143   97.44    94.1
V10_CKI_U_14_WC_16S.1.fq.gz     FASTQ   DNA          1         143      143      143      143  71.5  143  71.5        0  143    97.9    95.8
V10_CKI_U_14_WC_16S.2.fq.gz     FASTQ   DNA          1         143      143      143      143  71.5  143  71.5        0  143    97.9    95.1
V10_CKI_U_1_5_16S.1.fq.gz       FASTQ   DNA    108,027  15,447,861      143      143      143  71.5  143  71.5        0  143    96.8      93
V10_CKI_U_1_5_16S.2.fq.gz       FASTQ   DNA    108,027  15,447,861      143      143      143  71.5  143  71.5        0  143   96.89   92.97
V10_CKI_U_1_DI_16S.1.fq.gz      FASTQ   DNA      6,536     934,648      143      143      143  71.5  143  71.5        0  143   95.78   91.54
V10_CKI_U_1_DI_16S.2.fq.gz      FASTQ   DNA      6,536     934,648      143      143      143  71.5  143  71.5        0  143   94.74   89.91
V10_CKI_U_1_WC_16S.1.fq.gz      FASTQ   DNA      5,233     748,319      143      143      143  71.5  143  71.5        0  143   96.39   92.18
V10_CKI_U_1_WC_16S.2.fq.gz      FASTQ   DNA      5,233     748,319      143      143      143  71.5  143  71.5        0  143    95.7   90.75
V10_CKI_U_2_1_16S.1.fq.gz       FASTQ   DNA    133,783  19,130,969      143      143      143  71.5  143  71.5        0  143   96.94   93.34
V10_CKI_U_2_1_16S.2.fq.gz       FASTQ   DNA    133,783  19,130,969      143      143      143  71.5  143  71.5        0  143   96.31   91.99
V10_CKI_U_2_2_16S.1.fq.gz       FASTQ   DNA    118,478  16,942,354      143      143      143  71.5  143  71.5        0  143   97.24   93.71
V10_CKI_U_2_2_16S.2.fq.gz       FASTQ   DNA    118,478  16,942,354      143      143      143  71.5  143  71.5        0  143      97   93.22
V10_CKI_U_2_3_16S.1.fq.gz       FASTQ   DNA     95,651  13,678,093      143      143      143  71.5  143  71.5        0  143   97.35   93.87
V10_CKI_U_2_3_16S.2.fq.gz       FASTQ   DNA     95,651  13,678,093      143      143      143  71.5  143  71.5        0  143   97.06   93.24
V10_CKI_U_2_4_16S.1.fq.gz       FASTQ   DNA    107,685  15,398,955      143      143      143  71.5  143  71.5        0  143   97.45   94.01
V10_CKI_U_2_4_16S.2.fq.gz       FASTQ   DNA    107,685  15,398,955      143      143      143  71.5  143  71.5        0  143   97.07   93.32
V10_CKI_U_2_5_16S.1.fq.gz       FASTQ   DNA     94,462  13,508,066      143      143      143  71.5  143  71.5        0  143   97.26   93.76
V10_CKI_U_2_5_16S.2.fq.gz       FASTQ   DNA     94,462  13,508,066      143      143      143  71.5  143  71.5        0  143   96.73   92.74
V10_CKI_U_2_DI_16S.1.fq.gz      FASTQ   DNA        222      31,746      143      143      143  71.5  143  71.5        0  143   93.61    88.3
V10_CKI_U_2_DI_16S.2.fq.gz      FASTQ   DNA        222      31,746      143      143      143  71.5  143  71.5        0  143   91.77   85.76
V10_CKI_U_2_WC_16S.1.fq.gz      FASTQ   DNA      9,082   1,298,726      143      143      143  71.5  143  71.5        0  143   96.57   92.42
V10_CKI_U_2_WC_16S.2.fq.gz      FASTQ   DNA      9,082   1,298,726      143      143      143  71.5  143  71.5        0  143   96.66   92.61
V10_CKI_U_4_1_16S.1.fq.gz       FASTQ   DNA     55,675   7,961,525      143      143      143  71.5  143  71.5        0  143   97.02    93.3
V10_CKI_U_4_1_16S.2.fq.gz       FASTQ   DNA     55,675   7,961,525      143      143      143  71.5  143  71.5        0  143   97.45   94.04
V10_CKI_U_4_2_16S.1.fq.gz       FASTQ   DNA    138,329  19,781,047      143      143      143  71.5  143  71.5        0  143   96.82   93.15
V10_CKI_U_4_2_16S.2.fq.gz       FASTQ   DNA    138,329  19,781,047      143      143      143  71.5  143  71.5        0  143   96.76    92.9
V10_CKI_U_4_3_16S.1.fq.gz       FASTQ   DNA     57,931   8,284,133      143      143      143  71.5  143  71.5        0  143    97.3   93.87
V10_CKI_U_4_3_16S.2.fq.gz       FASTQ   DNA     57,931   8,284,133      143      143      143  71.5  143  71.5        0  143   96.97   93.18
V10_CKI_U_4_4_16S.1.fq.gz       FASTQ   DNA    129,686  18,545,098      143      143      143  71.5  143  71.5        0  143   96.86   93.13
V10_CKI_U_4_4_16S.2.fq.gz       FASTQ   DNA    129,686  18,545,098      143      143      143  71.5  143  71.5        0  143   96.18   91.89
V10_CKI_U_4_5_16S.1.fq.gz       FASTQ   DNA    115,402  16,502,486      143      143      143  71.5  143  71.5        0  143   96.54   92.61
V10_CKI_U_4_5_16S.2.fq.gz       FASTQ   DNA    115,402  16,502,486      143      143      143  71.5  143  71.5        0  143   96.32   92.14
V10_CKI_U_4_DI_16S.1.fq.gz      FASTQ   DNA     18,543   2,651,649      143      143      143  71.5  143  71.5        0  143   96.32   92.32
V10_CKI_U_4_DI_16S.2.fq.gz      FASTQ   DNA     18,543   2,651,649      143      143      143  71.5  143  71.5        0  143   96.33   92.24
V10_CKI_U_4_WC_16S.1.fq.gz      FASTQ   DNA     26,656   3,811,808      143      143      143  71.5  143  71.5        0  143   96.47   92.37
V10_CKI_U_4_WC_16S.2.fq.gz      FASTQ   DNA     26,656   3,811,808      143      143      143  71.5  143  71.5        0  143   96.29   92.33
V10_CKI_U_5_1_16S.1.fq.gz       FASTQ   DNA    205,993  29,456,999      143      143      143  71.5  143  71.5        0  143   97.07   93.37
V10_CKI_U_5_1_16S.2.fq.gz       FASTQ   DNA    205,993  29,456,999      143      143      143  71.5  143  71.5        0  143   96.81   92.92
V10_CKI_U_5_2_16S.1.fq.gz       FASTQ   DNA     89,215  12,757,745      143      143      143  71.5  143  71.5        0  143   97.45    94.2
V10_CKI_U_5_2_16S.2.fq.gz       FASTQ   DNA     89,215  12,757,745      143      143      143  71.5  143  71.5        0  143   97.24   93.69
V10_CKI_U_5_3_16S.1.fq.gz       FASTQ   DNA    240,776  34,430,968      143      143      143  71.5  143  71.5        0  143   97.23   93.51
V10_CKI_U_5_3_16S.2.fq.gz       FASTQ   DNA    240,776  34,430,968      143      143      143  71.5  143  71.5        0  143   96.99   93.27
V10_CKI_U_5_4_16S.1.fq.gz       FASTQ   DNA    191,788  27,425,684      143      143      143  71.5  143  71.5        0  143   97.55   94.37
V10_CKI_U_5_4_16S.2.fq.gz       FASTQ   DNA    191,788  27,425,684      143      143      143  71.5  143  71.5        0  143   97.54   94.18
V10_CKI_U_5_5_16S.1.fq.gz       FASTQ   DNA    171,715  24,555,245      143      143      143  71.5  143  71.5        0  143   96.74   92.98
V10_CKI_U_5_5_16S.2.fq.gz       FASTQ   DNA    171,715  24,555,245      143      143      143  71.5  143  71.5        0  143   96.69   92.87
V10_CKI_U_5_DI_16S.1.fq.gz      FASTQ   DNA      1,325     189,475      143      143      143  71.5  143  71.5        0  143   94.88   89.93
V10_CKI_U_5_DI_16S.2.fq.gz      FASTQ   DNA      1,325     189,475      143      143      143  71.5  143  71.5        0  143   93.92   88.59
V10_CKI_U_5_WC_16S.1.fq.gz      FASTQ   DNA     10,285   1,470,755      143      143      143  71.5  143  71.5        0  143   95.44   90.68
V10_CKI_U_5_WC_16S.2.fq.gz      FASTQ   DNA     10,285   1,470,755      143      143      143  71.5  143  71.5        0  143   94.83   89.47
V10_CKI_U_7_1_16S.1.fq.gz       FASTQ   DNA    151,179  21,618,597      143      143      143  71.5  143  71.5        0  143    97.1   93.31
V10_CKI_U_7_1_16S.2.fq.gz       FASTQ   DNA    151,179  21,618,597      143      143      143  71.5  143  71.5        0  143   96.72   92.74
V10_CKI_U_7_2_16S.1.fq.gz       FASTQ   DNA    205,331  29,362,333      143      143      143  71.5  143  71.5        0  143   96.95   93.17
V10_CKI_U_7_2_16S.2.fq.gz       FASTQ   DNA    205,331  29,362,333      143      143      143  71.5  143  71.5        0  143   96.55   92.41
V10_CKI_U_7_3_16S.1.fq.gz       FASTQ   DNA    135,012  19,306,716      143      143      143  71.5  143  71.5        0  143   97.09   93.45
V10_CKI_U_7_3_16S.2.fq.gz       FASTQ   DNA    135,012  19,306,716      143      143      143  71.5  143  71.5        0  143   96.04   91.57
V10_CKI_U_7_4_16S.1.fq.gz       FASTQ   DNA    125,442  17,938,206      143      143      143  71.5  143  71.5        0  143    97.2   93.61
V10_CKI_U_7_4_16S.2.fq.gz       FASTQ   DNA    125,442  17,938,206      143      143      143  71.5  143  71.5        0  143   96.76   92.79
V10_CKI_U_7_5_16S.1.fq.gz       FASTQ   DNA     88,429  12,645,347      143      143      143  71.5  143  71.5        0  143   97.07   93.37
V10_CKI_U_7_5_16S.2.fq.gz       FASTQ   DNA     88,429  12,645,347      143      143      143  71.5  143  71.5        0  143   96.34   91.97
V10_CKI_U_7_DI_16S.1.fq.gz      FASTQ   DNA        444      63,492      143      143      143  71.5  143  71.5        0  143   94.07   89.18
V10_CKI_U_7_DI_16S.2.fq.gz      FASTQ   DNA        444      63,492      143      143      143  71.5  143  71.5        0  143   93.21   87.71
V10_CKI_U_7_WC_16S.1.fq.gz      FASTQ   DNA     17,492   2,501,356      143      143      143  71.5  143  71.5        0  143   96.89   93.11
V10_CKI_U_7_WC_16S.2.fq.gz      FASTQ   DNA     17,492   2,501,356      143      143      143  71.5  143  71.5        0  143   96.84   93.27
V10_CKI_U_8_1_16S.1.fq.gz       FASTQ   DNA    152,518  21,810,074      143      143      143  71.5  143  71.5        0  143   96.69   92.75
V10_CKI_U_8_1_16S.2.fq.gz       FASTQ   DNA    152,518  21,810,074      143      143      143  71.5  143  71.5        0  143   95.84   91.33
V10_CKI_U_8_2_16S.1.fq.gz       FASTQ   DNA    151,545  21,670,935      143      143      143  71.5  143  71.5        0  143   96.87   93.19
V10_CKI_U_8_2_16S.2.fq.gz       FASTQ   DNA    151,545  21,670,935      143      143      143  71.5  143  71.5        0  143   96.88   93.14
V10_CKI_U_8_3_16S.1.fq.gz       FASTQ   DNA    182,394  26,082,342      143      143      143  71.5  143  71.5        0  143   96.99   93.38
V10_CKI_U_8_3_16S.2.fq.gz       FASTQ   DNA    182,394  26,082,342      143      143      143  71.5  143  71.5        0  143   96.81   92.92
V10_CKI_U_8_4_16S.1.fq.gz       FASTQ   DNA     96,453  13,792,779      143      143      143  71.5  143  71.5        0  143   97.12   93.55
V10_CKI_U_8_4_16S.2.fq.gz       FASTQ   DNA     96,453  13,792,779      143      143      143  71.5  143  71.5        0  143   96.54   92.53
V10_CKI_U_8_5_16S.1.fq.gz       FASTQ   DNA    115,997  16,587,571      143      143      143  71.5  143  71.5        0  143   96.57   92.71
V10_CKI_U_8_5_16S.2.fq.gz       FASTQ   DNA    115,997  16,587,571      143      143      143  71.5  143  71.5        0  143   96.96   93.24
V10_CKI_U_8_DI_16S.1.fq.gz      FASTQ   DNA     14,697   2,101,671      143      143      143  71.5  143  71.5        0  143   95.36   90.81
V10_CKI_U_8_DI_16S.2.fq.gz      FASTQ   DNA     14,697   2,101,671      143      143      143  71.5  143  71.5        0  143   95.63   91.43
V10_CKI_U_8_WC_16S.1.fq.gz      FASTQ   DNA      4,791     685,113      143      143      143  71.5  143  71.5        0  143   96.96   93.27
V10_CKI_U_8_WC_16S.2.fq.gz      FASTQ   DNA      4,791     685,113      143      143      143  71.5  143  71.5        0  143   96.37   92.23
V10_CKI_V_6_1_16S.1.fq.gz       FASTQ   DNA    247,458  35,386,494      143      143      143  71.5  143  71.5        0  143   97.51   94.13
V10_CKI_V_6_1_16S.2.fq.gz       FASTQ   DNA    247,458  35,386,494      143      143      143  71.5  143  71.5        0  143   97.52   94.27
V10_CKI_V_6_2_16S.1.fq.gz       FASTQ   DNA    265,011  37,896,573      143      143      143  71.5  143  71.5        0  143   96.93   93.27
V10_CKI_V_6_2_16S.2.fq.gz       FASTQ   DNA    265,011  37,896,573      143      143      143  71.5  143  71.5        0  143   96.21   91.84
V10_CKI_V_6_3_16S.1.fq.gz       FASTQ   DNA    202,500  28,957,500      143      143      143  71.5  143  71.5        0  143    97.3   93.89
V10_CKI_V_6_3_16S.2.fq.gz       FASTQ   DNA    202,500  28,957,500      143      143      143  71.5  143  71.5        0  143   96.77   92.91
V10_CKI_V_6_4_16S.1.fq.gz       FASTQ   DNA    171,573  24,534,939      143      143      143  71.5  143  71.5        0  143   97.45   94.12
V10_CKI_V_6_4_16S.2.fq.gz       FASTQ   DNA    171,573  24,534,939      143      143      143  71.5  143  71.5        0  143   97.07    93.4
V10_CKI_V_6_5_16S.1.fq.gz       FASTQ   DNA     97,484  13,940,212      143      143      143  71.5  143  71.5        0  143   97.54   94.28
V10_CKI_V_6_5_16S.2.fq.gz       FASTQ   DNA     97,484  13,940,212      143      143      143  71.5  143  71.5        0  143   96.79   92.94
V10_CKI_V_6_DI_16S.1.fq.gz      FASTQ   DNA        725     103,675      143      143      143  71.5  143  71.5        0  143   95.82   91.66
V10_CKI_V_6_DI_16S.2.fq.gz      FASTQ   DNA        725     103,675      143      143      143  71.5  143  71.5        0  143   94.23   89.23
V10_CKI_V_6_WC_16S.1.fq.gz      FASTQ   DNA     53,022   7,582,146      143      143      143  71.5  143  71.5        0  143   96.72    92.9
V10_CKI_V_6_WC_16S.2.fq.gz      FASTQ   DNA     53,022   7,582,146      143      143      143  71.5  143  71.5        0  143   97.03   93.44
V10_CKI_V_9_1_16S.1.fq.gz       FASTQ   DNA     81,880  11,708,840      143      143      143  71.5  143  71.5        0  143   96.89   93.07
V10_CKI_V_9_1_16S.2.fq.gz       FASTQ   DNA     81,880  11,708,840      143      143      143  71.5  143  71.5        0  143   96.32   92.03
V10_CKI_V_9_2_16S.1.fq.gz       FASTQ   DNA     86,553  12,377,079      143      143      143  71.5  143  71.5        0  143   96.95   93.21
V10_CKI_V_9_2_16S.2.fq.gz       FASTQ   DNA     86,553  12,377,079      143      143      143  71.5  143  71.5        0  143   96.23   91.96
V10_CKI_V_9_3_16S.1.fq.gz       FASTQ   DNA     94,370  13,494,910      143      143      143  71.5  143  71.5        0  143    97.2   93.59
V10_CKI_V_9_3_16S.2.fq.gz       FASTQ   DNA     94,370  13,494,910      143      143      143  71.5  143  71.5        0  143   96.69   92.65
V10_CKI_V_9_4_16S.1.fq.gz       FASTQ   DNA    149,165  21,330,595      143      143      143  71.5  143  71.5        0  143   96.92   93.25
V10_CKI_V_9_4_16S.2.fq.gz       FASTQ   DNA    149,165  21,330,595      143      143      143  71.5  143  71.5        0  143   96.43   92.35
V10_CKI_V_9_5_16S.1.fq.gz       FASTQ   DNA    189,491  27,097,213      143      143      143  71.5  143  71.5        0  143   96.83   93.09
V10_CKI_V_9_5_16S.2.fq.gz       FASTQ   DNA    189,491  27,097,213      143      143      143  71.5  143  71.5        0  143   96.14    91.9
V10_CKI_V_9_DI_16S.1.fq.gz      FASTQ   DNA        714     102,102      143      143      143  71.5  143  71.5        0  143   94.13   89.45
V10_CKI_V_9_DI_16S.2.fq.gz      FASTQ   DNA        714     102,102      143      143      143  71.5  143  71.5        0  143   91.97      86
V10_CKI_V_9_WC_16S.1.fq.gz      FASTQ   DNA     16,620   2,376,660      143      143      143  71.5  143  71.5        0  143    96.7   93.08
V10_CKI_V_9_WC_16S.2.fq.gz      FASTQ   DNA     16,620   2,376,660      143      143      143  71.5  143  71.5        0  143   95.84   91.14
